A = { 1780, 160, 1940, 320, 2100, 480, 2260, 640, 2420, 800, 2580, 960, 2740,
1120, 0, 2900, 1280, 1440, 1600, 1760, 140, 1920, 300, 2080, 460, 2240, 620,
2400, 780, 2560, 940, 2720, 1100, 2880, 1260, 1420, 1580, 1740, 120, 1900, 280,
2060, 440, 2220, 600, 2380, 760, 2540, 920, 2700, 1080, 2860, 1240, 1400, 1560,
1720, 100, 1880, 260, 2040, 420, 2200, 580, 2360, 740, 2520, 900, 2680, 1060,
2840, 1220, 1380, 1540, 1700, 80, 1860, 240, 2020, 400, 2180, 560, 2340, 720,
2500, 880, 2660, 1040, 2820, 1200, 2980, 1360, 1520, 1680, 60, 1840, 220, 2000,
380, 2160, 540, 2320, 700, 2480, 860, 2640, 1020, 2800, 1180, 2960, 1340, 1500,
1660, 40, 1820, 200, 1980, 360, 2140, 520, 2300, 680, 2460, 840, 2620, 1000,
2780, 1160, 2940, 1320, 1480, 1640, 20, 1800, 180, 1960, 340, 2120, 500, 2280,
660, 2440, 820, 2600, 980, 2760, 1140, 2920, 1300, 1460, 1620, }

B = { 50, 100, 150, 200, 250, 300, 350, 400, 450, 40, 90, 140, 190, 240, 290,
340, 390, 440, 0, 490, 30, 80, 130, 180, 230, 280, 330, 380, 430, 480, 20, 70,
120, 170, 220, 270, 320, 370, 420, 470, 10, 60, 110, 160, 210, 260, 310, 360,
410, 460, }

A∪B = { 1780, 160, 1940, 320, 2100, 480, 2260, 640, 2420, 800, 2580, 960, 2740,
1120, 0, 2900, 1280, 390, 1440, 1600, 70, 1760, 140, 230, 1920, 300, 2080, 460,
2240, 620, 2400, 780, 2560, 940, 2720, 1100, 2880, 1260, 370, 1420, 1580, 50,
1740, 120, 210, 1900, 280, 2060, 440, 2220, 600, 2380, 760, 2540, 920, 2700,
1080, 2860, 1240, 350, 1400, 1560, 30, 1720, 100, 190, 1880, 260, 2040, 420,
2200, 580, 2360, 740, 2520, 900, 2680, 1060, 2840, 1220, 490, 1380, 330, 1540,
10, 1700, 80, 170, 1860, 240, 2020, 400, 2180, 560, 2340, 720, 2500, 880, 2660,
1040, 2820, 1200, 2980, 1360, 470, 1520, 1680, 60, 150, 1840, 220, 310, 2000,
380, 2160, 540, 2320, 700, 2480, 860, 2640, 1020, 2800, 1180, 2960, 1340, 450,
1500, 1660, 40, 130, 1820, 200, 290, 1980, 360, 2140, 520, 2300, 680, 2460,
840, 2620, 1000, 2780, 1160, 2940, 1320, 430, 1480, 1640, 20, 110, 1800, 180,
270, 1960, 340, 2120, 500, 2280, 660, 2440, 820, 2600, 980, 2760, 1140, 2920,
1300, 250, 1460, 410, 1620, 90, }

AxB = { (1780, 50), (1780, 100), (1780, 150), (1780, 200), (1780, 250), (1780,
300), (1780, 350), (1780, 400), (1780, 450), (1780, 40), (1780, 90), (1780,
140), (1780, 190), (1780, 240), (1780, 290), (1780, 340), (1780, 390), (1780,
440), (1780, 0), (1780, 490), (1780, 30), (1780, 80), (1780, 130), (1780, 180),
(1780, 230), (1780, 280), (1780, 330), (1780, 380), (1780, 430), (1780, 480),
(1780, 20), (1780, 70), (1780, 120), (1780, 170), (1780, 220), (1780, 270),
(1780, 320), (1780, 370), (1780, 420), (1780, 470), (1780, 10), (1780, 60),
(1780, 110), (1780, 160), (1780, 210), (1780, 260), (1780, 310), (1780, 360),
(1780, 410), (1780, 460), (160, 50), (160, 100), (160, 150), (160, 200), (160,
250), (160, 300), (160, 350), (160, 400), (160, 450), (160, 40), (160, 90),
(160, 140), (160, 190), (160, 240), (160, 290), (160, 340), (160, 390), (160,
440), (160, 0), (160, 490), (160, 30), (160, 80), (160, 130), (160, 180), (160,
230), (160, 280), (160, 330), (160, 380), (160, 430), (160, 480), (160, 20),
(160, 70), (160, 120), (160, 170), (160, 220), (160, 270), (160, 320), (160,
370), (160, 420), (160, 470), (160, 10), (160, 60), (160, 110), (160, 160),
(160, 210), (160, 260), (160, 310), (160, 360), (160, 410), (160, 460), (1940,
50), (1940, 100), (1940, 150), (1940, 200), (1940, 250), (1940, 300), (1940,
350), (1940, 400), (1940, 450), (1940, 40), (1940, 90), (1940, 140), (1940,
190), (1940, 240), (1940, 290), (1940, 340), (1940, 390), (1940, 440), (1940,
0), (1940, 490), (1940, 30), (1940, 80), (1940, 130), (1940, 180), (1940, 230),
(1940, 280), (1940, 330), (1940, 380), (1940, 430), (1940, 480), (1940, 20),
(1940, 70), (1940, 120), (1940, 170), (1940, 220), (1940, 270), (1940, 320),
(1940, 370), (1940, 420), (1940, 470), (1940, 10), (1940, 60), (1940, 110),
(1940, 160), (1940, 210), (1940, 260), (1940, 310), (1940, 360), (1940, 410),
(1940, 460), (320, 50), (320, 100), (320, 150), (320, 200), (320, 250), (320,
300), (320, 350), (320, 400), (320, 450), (320, 40), (320, 90), (320, 140),
(320, 190), (320, 240), (320, 290), (320, 340), (320, 390), (320, 440), (320,
0), (320, 490), (320, 30), (320, 80), (320, 130), (320, 180), (320, 230), (320,
280), (320, 330), (320, 380), (320, 430), (320, 480), (320, 20), (320, 70),
(320, 120), (320, 170), (320, 220), (320, 270), (320, 320), (320, 370), (320,
420), (320, 470), (320, 10), (320, 60), (320, 110), (320, 160), (320, 210),
(320, 260), (320, 310), (320, 360), (320, 410), (320, 460), (2100, 50), (2100,
100), (2100, 150), (2100, 200), (2100, 250), (2100, 300), (2100, 350), (2100,
400), (2100, 450), (2100, 40), (2100, 90), (2100, 140), (2100, 190), (2100,
240), (2100, 290), (2100, 340), (2100, 390), (2100, 440), (2100, 0), (2100,
490), (2100, 30), (2100, 80), (2100, 130), (2100, 180), (2100, 230), (2100,
280), (2100, 330), (2100, 380), (2100, 430), (2100, 480), (2100, 20), (2100,
70), (2100, 120), (2100, 170), (2100, 220), (2100, 270), (2100, 320), (2100,
370), (2100, 420), (2100, 470), (2100, 10), (2100, 60), (2100, 110), (2100,
160), (2100, 210), (2100, 260), (2100, 310), (2100, 360), (2100, 410), (2100,
460), (480, 50), (480, 100), (480, 150), (480, 200), (480, 250), (480, 300),
(480, 350), (480, 400), (480, 450), (480, 40), (480, 90), (480, 140), (480,
190), (480, 240), (480, 290), (480, 340), (480, 390), (480, 440), (480, 0),
(480, 490), (480, 30), (480, 80), (480, 130), (480, 180), (480, 230), (480,
280), (480, 330), (480, 380), (480, 430), (480, 480), (480, 20), (480, 70),
(480, 120), (480, 170), (480, 220), (480, 270), (480, 320), (480, 370), (480,
420), (480, 470), (480, 10), (480, 60), (480, 110), (480, 160), (480, 210),
(480, 260), (480, 310), (480, 360), (480, 410), (480, 460), (2260, 50), (2260,
100), (2260, 150), (2260, 200), (2260, 250), (2260, 300), (2260, 350), (2260,
400), (2260, 450), (2260, 40), (2260, 90), (2260, 140), (2260, 190), (2260,
240), (2260, 290), (2260, 340), (2260, 390), (2260, 440), (2260, 0), (2260,
490), (2260, 30), (2260, 80), (2260, 130), (2260, 180), (2260, 230), (2260,
280), (2260, 330), (2260, 380), (2260, 430), (2260, 480), (2260, 20), (2260,
70), (2260, 120), (2260, 170), (2260, 220), (2260, 270), (2260, 320), (2260,
370), (2260, 420), (2260, 470), (2260, 10), (2260, 60), (2260, 110), (2260,
160), (2260, 210), (2260, 260), (2260, 310), (2260, 360), (2260, 410), (2260,
460), (640, 50), (640, 100), (640, 150), (640, 200), (640, 250), (640, 300),
(640, 350), (640, 400), (640, 450), (640, 40), (640, 90), (640, 140), (640,
190), (640, 240), (640, 290), (640, 340), (640, 390), (640, 440), (640, 0),
(640, 490), (640, 30), (640, 80), (640, 130), (640, 180), (640, 230), (640,
280), (640, 330), (640, 380), (640, 430), (640, 480), (640, 20), (640, 70),
(640, 120), (640, 170), (640, 220), (640, 270), (640, 320), (640, 370), (640,
420), (640, 470), (640, 10), (640, 60), (640, 110), (640, 160), (640, 210),
(640, 260), (640, 310), (640, 360), (640, 410), (640, 460), (2420, 50), (2420,
100), (2420, 150), (2420, 200), (2420, 250), (2420, 300), (2420, 350), (2420,
400), (2420, 450), (2420, 40), (2420, 90), (2420, 140), (2420, 190), (2420,
240), (2420, 290), (2420, 340), (2420, 390), (2420, 440), (2420, 0), (2420,
490), (2420, 30), (2420, 80), (2420, 130), (2420, 180), (2420, 230), (2420,
280), (2420, 330), (2420, 380), (2420, 430), (2420, 480), (2420, 20), (2420,
70), (2420, 120), (2420, 170), (2420, 220), (2420, 270), (2420, 320), (2420,
370), (2420, 420), (2420, 470), (2420, 10), (2420, 60), (2420, 110), (2420,
160), (2420, 210), (2420, 260), (2420, 310), (2420, 360), (2420, 410), (2420,
460), (800, 50), (800, 100), (800, 150), (800, 200), (800, 250), (800, 300),
(800, 350), (800, 400), (800, 450), (800, 40), (800, 90), (800, 140), (800,
190), (800, 240), (800, 290), (800, 340), (800, 390), (800, 440), (800, 0),
(800, 490), (800, 30), (800, 80), (800, 130), (800, 180), (800, 230), (800,
280), (800, 330), (800, 380), (800, 430), (800, 480), (800, 20), (800, 70),
(800, 120), (800, 170), (800, 220), (800, 270), (800, 320), (800, 370), (800,
420), (800, 470), (800, 10), (800, 60), (800, 110), (800, 160), (800, 210),
(800, 260), (800, 310), (800, 360), (800, 410), (800, 460), (2580, 50), (2580,
100), (2580, 150), (2580, 200), (2580, 250), (2580, 300), (2580, 350), (2580,
400), (2580, 450), (2580, 40), (2580, 90), (2580, 140), (2580, 190), (2580,
240), (2580, 290), (2580, 340), (2580, 390), (2580, 440), (2580, 0), (2580,
490), (2580, 30), (2580, 80), (2580, 130), (2580, 180), (2580, 230), (2580,
280), (2580, 330), (2580, 380), (2580, 430), (2580, 480), (2580, 20), (2580,
70), (2580, 120), (2580, 170), (2580, 220), (2580, 270), (2580, 320), (2580,
370), (2580, 420), (2580, 470), (2580, 10), (2580, 60), (2580, 110), (2580,
160), (2580, 210), (2580, 260), (2580, 310), (2580, 360), (2580, 410), (2580,
460), (960, 50), (960, 100), (960, 150), (960, 200), (960, 250), (960, 300),
(960, 350), (960, 400), (960, 450), (960, 40), (960, 90), (960, 140), (960,
190), (960, 240), (960, 290), (960, 340), (960, 390), (960, 440), (960, 0),
(960, 490), (960, 30), (960, 80), (960, 130), (960, 180), (960, 230), (960,
280), (960, 330), (960, 380), (960, 430), (960, 480), (960, 20), (960, 70),
(960, 120), (960, 170), (960, 220), (960, 270), (960, 320), (960, 370), (960,
420), (960, 470), (960, 10), (960, 60), (960, 110), (960, 160), (960, 210),
(960, 260), (960, 310), (960, 360), (960, 410), (960, 460), (2740, 50), (2740,
100), (2740, 150), (2740, 200), (2740, 250), (2740, 300), (2740, 350), (2740,
400), (2740, 450), (2740, 40), (2740, 90), (2740, 140), (2740, 190), (2740,
240), (2740, 290), (2740, 340), (2740, 390), (2740, 440), (2740, 0), (2740,
490), (2740, 30), (2740, 80), (2740, 130), (2740, 180), (2740, 230), (2740,
280), (2740, 330), (2740, 380), (2740, 430), (2740, 480), (2740, 20), (2740,
70), (2740, 120), (2740, 170), (2740, 220), (2740, 270), (2740, 320), (2740,
370), (2740, 420), (2740, 470), (2740, 10), (2740, 60), (2740, 110), (2740,
160), (2740, 210), (2740, 260), (2740, 310), (2740, 360), (2740, 410), (2740,
460), (1120, 50), (1120, 100), (1120, 150), (1120, 200), (1120, 250), (1120,
300), (1120, 350), (1120, 400), (1120, 450), (1120, 40), (1120, 90), (1120,
140), (1120, 190), (1120, 240), (1120, 290), (1120, 340), (1120, 390), (1120,
440), (1120, 0), (1120, 490), (1120, 30), (1120, 80), (1120, 130), (1120, 180),
(1120, 230), (1120, 280), (1120, 330), (1120, 380), (1120, 430), (1120, 480),
(1120, 20), (1120, 70), (1120, 120), (1120, 170), (1120, 220), (1120, 270),
(1120, 320), (1120, 370), (1120, 420), (1120, 470), (1120, 10), (1120, 60),
(1120, 110), (1120, 160), (1120, 210), (1120, 260), (1120, 310), (1120, 360),
(1120, 410), (1120, 460), (0, 50), (0, 100), (0, 150), (0, 200), (0, 250), (0,
300), (0, 350), (0, 400), (0, 450), (0, 40), (0, 90), (0, 140), (0, 190), (0,
240), (0, 290), (0, 340), (0, 390), (0, 440), (0, 0), (0, 490), (0, 30), (0,
80), (0, 130), (0, 180), (0, 230), (0, 280), (0, 330), (0, 380), (0, 430), (0,
480), (0, 20), (0, 70), (0, 120), (0, 170), (0, 220), (0, 270), (0, 320), (0,
370), (0, 420), (0, 470), (0, 10), (0, 60), (0, 110), (0, 160), (0, 210), (0,
260), (0, 310), (0, 360), (0, 410), (0, 460), (2900, 50), (2900, 100), (2900,
150), (2900, 200), (2900, 250), (2900, 300), (2900, 350), (2900, 400), (2900,
450), (2900, 40), (2900, 90), (2900, 140), (2900, 190), (2900, 240), (2900,
290), (2900, 340), (2900, 390), (2900, 440), (2900, 0), (2900, 490), (2900,
30), (2900, 80), (2900, 130), (2900, 180), (2900, 230), (2900, 280), (2900,
330), (2900, 380), (2900, 430), (2900, 480), (2900, 20), (2900, 70), (2900,
120), (2900, 170), (2900, 220), (2900, 270), (2900, 320), (2900, 370), (2900,
420), (2900, 470), (2900, 10), (2900, 60), (2900, 110), (2900, 160), (2900,
210), (2900, 260), (2900, 310), (2900, 360), (2900, 410), (2900, 460), (1280,
50), (1280, 100), (1280, 150), (1280, 200), (1280, 250), (1280, 300), (1280,
350), (1280, 400), (1280, 450), (1280, 40), (1280, 90), (1280, 140), (1280,
190), (1280, 240), (1280, 290), (1280, 340), (1280, 390), (1280, 440), (1280,
0), (1280, 490), (1280, 30), (1280, 80), (1280, 130), (1280, 180), (1280, 230),
(1280, 280), (1280, 330), (1280, 380), (1280, 430), (1280, 480), (1280, 20),
(1280, 70), (1280, 120), (1280, 170), (1280, 220), (1280, 270), (1280, 320),
(1280, 370), (1280, 420), (1280, 470), (1280, 10), (1280, 60), (1280, 110),
(1280, 160), (1280, 210), (1280, 260), (1280, 310), (1280, 360), (1280, 410),
(1280, 460), (1440, 50), (1440, 100), (1440, 150), (1440, 200), (1440, 250),
(1440, 300), (1440, 350), (1440, 400), (1440, 450), (1440, 40), (1440, 90),
(1440, 140), (1440, 190), (1440, 240), (1440, 290), (1440, 340), (1440, 390),
(1440, 440), (1440, 0), (1440, 490), (1440, 30), (1440, 80), (1440, 130),
(1440, 180), (1440, 230), (1440, 280), (1440, 330), (1440, 380), (1440, 430),
(1440, 480), (1440, 20), (1440, 70), (1440, 120), (1440, 170), (1440, 220),
(1440, 270), (1440, 320), (1440, 370), (1440, 420), (1440, 470), (1440, 10),
(1440, 60), (1440, 110), (1440, 160), (1440, 210), (1440, 260), (1440, 310),
(1440, 360), (1440, 410), (1440, 460), (1600, 50), (1600, 100), (1600, 150),
(1600, 200), (1600, 250), (1600, 300), (1600, 350), (1600, 400), (1600, 450),
(1600, 40), (1600, 90), (1600, 140), (1600, 190), (1600, 240), (1600, 290),
(1600, 340), (1600, 390), (1600, 440), (1600, 0), (1600, 490), (1600, 30),
(1600, 80), (1600, 130), (1600, 180), (1600, 230), (1600, 280), (1600, 330),
(1600, 380), (1600, 430), (1600, 480), (1600, 20), (1600, 70), (1600, 120),
(1600, 170), (1600, 220), (1600, 270), (1600, 320), (1600, 370), (1600, 420),
(1600, 470), (1600, 10), (1600, 60), (1600, 110), (1600, 160), (1600, 210),
(1600, 260), (1600, 310), (1600, 360), (1600, 410), (1600, 460), (1760, 50),
(1760, 100), (1760, 150), (1760, 200), (1760, 250), (1760, 300), (1760, 350),
(1760, 400), (1760, 450), (1760, 40), (1760, 90), (1760, 140), (1760, 190),
(1760, 240), (1760, 290), (1760, 340), (1760, 390), (1760, 440), (1760, 0),
(1760, 490), (1760, 30), (1760, 80), (1760, 130), (1760, 180), (1760, 230),
(1760, 280), (1760, 330), (1760, 380), (1760, 430), (1760, 480), (1760, 20),
(1760, 70), (1760, 120), (1760, 170), (1760, 220), (1760, 270), (1760, 320),
(1760, 370), (1760, 420), (1760, 470), (1760, 10), (1760, 60), (1760, 110),
(1760, 160), (1760, 210), (1760, 260), (1760, 310), (1760, 360), (1760, 410),
(1760, 460), (140, 50), (140, 100), (140, 150), (140, 200), (140, 250), (140,
300), (140, 350), (140, 400), (140, 450), (140, 40), (140, 90), (140, 140),
(140, 190), (140, 240), (140, 290), (140, 340), (140, 390), (140, 440), (140,
0), (140, 490), (140, 30), (140, 80), (140, 130), (140, 180), (140, 230), (140,
280), (140, 330), (140, 380), (140, 430), (140, 480), (140, 20), (140, 70),
(140, 120), (140, 170), (140, 220), (140, 270), (140, 320), (140, 370), (140,
420), (140, 470), (140, 10), (140, 60), (140, 110), (140, 160), (140, 210),
(140, 260), (140, 310), (140, 360), (140, 410), (140, 460), (1920, 50), (1920,
100), (1920, 150), (1920, 200), (1920, 250), (1920, 300), (1920, 350), (1920,
400), (1920, 450), (1920, 40), (1920, 90), (1920, 140), (1920, 190), (1920,
240), (1920, 290), (1920, 340), (1920, 390), (1920, 440), (1920, 0), (1920,
490), (1920, 30), (1920, 80), (1920, 130), (1920, 180), (1920, 230), (1920,
280), (1920, 330), (1920, 380), (1920, 430), (1920, 480), (1920, 20), (1920,
70), (1920, 120), (1920, 170), (1920, 220), (1920, 270), (1920, 320), (1920,
370), (1920, 420), (1920, 470), (1920, 10), (1920, 60), (1920, 110), (1920,
160), (1920, 210), (1920, 260), (1920, 310), (1920, 360), (1920, 410), (1920,
460), (300, 50), (300, 100), (300, 150), (300, 200), (300, 250), (300, 300),
(300, 350), (300, 400), (300, 450), (300, 40), (300, 90), (300, 140), (300,
190), (300, 240), (300, 290), (300, 340), (300, 390), (300, 440), (300, 0),
(300, 490), (300, 30), (300, 80), (300, 130), (300, 180), (300, 230), (300,
280), (300, 330), (300, 380), (300, 430), (300, 480), (300, 20), (300, 70),
(300, 120), (300, 170), (300, 220), (300, 270), (300, 320), (300, 370), (300,
420), (300, 470), (300, 10), (300, 60), (300, 110), (300, 160), (300, 210),
(300, 260), (300, 310), (300, 360), (300, 410), (300, 460), (2080, 50), (2080,
100), (2080, 150), (2080, 200), (2080, 250), (2080, 300), (2080, 350), (2080,
400), (2080, 450), (2080, 40), (2080, 90), (2080, 140), (2080, 190), (2080,
240), (2080, 290), (2080, 340), (2080, 390), (2080, 440), (2080, 0), (2080,
490), (2080, 30), (2080, 80), (2080, 130), (2080, 180), (2080, 230), (2080,
280), (2080, 330), (2080, 380), (2080, 430), (2080, 480), (2080, 20), (2080,
70), (2080, 120), (2080, 170), (2080, 220), (2080, 270), (2080, 320), (2080,
370), (2080, 420), (2080, 470), (2080, 10), (2080, 60), (2080, 110), (2080,
160), (2080, 210), (2080, 260), (2080, 310), (2080, 360), (2080, 410), (2080,
460), (460, 50), (460, 100), (460, 150), (460, 200), (460, 250), (460, 300),
(460, 350), (460, 400), (460, 450), (460, 40), (460, 90), (460, 140), (460,
190), (460, 240), (460, 290), (460, 340), (460, 390), (460, 440), (460, 0),
(460, 490), (460, 30), (460, 80), (460, 130), (460, 180), (460, 230), (460,
280), (460, 330), (460, 380), (460, 430), (460, 480), (460, 20), (460, 70),
(460, 120), (460, 170), (460, 220), (460, 270), (460, 320), (460, 370), (460,
420), (460, 470), (460, 10), (460, 60), (460, 110), (460, 160), (460, 210),
(460, 260), (460, 310), (460, 360), (460, 410), (460, 460), (2240, 50), (2240,
100), (2240, 150), (2240, 200), (2240, 250), (2240, 300), (2240, 350), (2240,
400), (2240, 450), (2240, 40), (2240, 90), (2240, 140), (2240, 190), (2240,
240), (2240, 290), (2240, 340), (2240, 390), (2240, 440), (2240, 0), (2240,
490), (2240, 30), (2240, 80), (2240, 130), (2240, 180), (2240, 230), (2240,
280), (2240, 330), (2240, 380), (2240, 430), (2240, 480), (2240, 20), (2240,
70), (2240, 120), (2240, 170), (2240, 220), (2240, 270), (2240, 320), (2240,
370), (2240, 420), (2240, 470), (2240, 10), (2240, 60), (2240, 110), (2240,
160), (2240, 210), (2240, 260), (2240, 310), (2240, 360), (2240, 410), (2240,
460), (620, 50), (620, 100), (620, 150), (620, 200), (620, 250), (620, 300),
(620, 350), (620, 400), (620, 450), (620, 40), (620, 90), (620, 140), (620,
190), (620, 240), (620, 290), (620, 340), (620, 390), (620, 440), (620, 0),
(620, 490), (620, 30), (620, 80), (620, 130), (620, 180), (620, 230), (620,
280), (620, 330), (620, 380), (620, 430), (620, 480), (620, 20), (620, 70),
(620, 120), (620, 170), (620, 220), (620, 270), (620, 320), (620, 370), (620,
420), (620, 470), (620, 10), (620, 60), (620, 110), (620, 160), (620, 210),
(620, 260), (620, 310), (620, 360), (620, 410), (620, 460), (2400, 50), (2400,
100), (2400, 150), (2400, 200), (2400, 250), (2400, 300), (2400, 350), (2400,
400), (2400, 450), (2400, 40), (2400, 90), (2400, 140), (2400, 190), (2400,
240), (2400, 290), (2400, 340), (2400, 390), (2400, 440), (2400, 0), (2400,
490), (2400, 30), (2400, 80), (2400, 130), (2400, 180), (2400, 230), (2400,
280), (2400, 330), (2400, 380), (2400, 430), (2400, 480), (2400, 20), (2400,
70), (2400, 120), (2400, 170), (2400, 220), (2400, 270), (2400, 320), (2400,
370), (2400, 420), (2400, 470), (2400, 10), (2400, 60), (2400, 110), (2400,
160), (2400, 210), (2400, 260), (2400, 310), (2400, 360), (2400, 410), (2400,
460), (780, 50), (780, 100), (780, 150), (780, 200), (780, 250), (780, 300),
(780, 350), (780, 400), (780, 450), (780, 40), (780, 90), (780, 140), (780,
190), (780, 240), (780, 290), (780, 340), (780, 390), (780, 440), (780, 0),
(780, 490), (780, 30), (780, 80), (780, 130), (780, 180), (780, 230), (780,
280), (780, 330), (780, 380), (780, 430), (780, 480), (780, 20), (780, 70),
(780, 120), (780, 170), (780, 220), (780, 270), (780, 320), (780, 370), (780,
420), (780, 470), (780, 10), (780, 60), (780, 110), (780, 160), (780, 210),
(780, 260), (780, 310), (780, 360), (780, 410), (780, 460), (2560, 50), (2560,
100), (2560, 150), (2560, 200), (2560, 250), (2560, 300), (2560, 350), (2560,
400), (2560, 450), (2560, 40), (2560, 90), (2560, 140), (2560, 190), (2560,
240), (2560, 290), (2560, 340), (2560, 390), (2560, 440), (2560, 0), (2560,
490), (2560, 30), (2560, 80), (2560, 130), (2560, 180), (2560, 230), (2560,
280), (2560, 330), (2560, 380), (2560, 430), (2560, 480), (2560, 20), (2560,
70), (2560, 120), (2560, 170), (2560, 220), (2560, 270), (2560, 320), (2560,
370), (2560, 420), (2560, 470), (2560, 10), (2560, 60), (2560, 110), (2560,
160), (2560, 210), (2560, 260), (2560, 310), (2560, 360), (2560, 410), (2560,
460), (940, 50), (940, 100), (940, 150), (940, 200), (940, 250), (940, 300),
(940, 350), (940, 400), (940, 450), (940, 40), (940, 90), (940, 140), (940,
190), (940, 240), (940, 290), (940, 340), (940, 390), (940, 440), (940, 0),
(940, 490), (940, 30), (940, 80), (940, 130), (940, 180), (940, 230), (940,
280), (940, 330), (940, 380), (940, 430), (940, 480), (940, 20), (940, 70),
(940, 120), (940, 170), (940, 220), (940, 270), (940, 320), (940, 370), (940,
420), (940, 470), (940, 10), (940, 60), (940, 110), (940, 160), (940, 210),
(940, 260), (940, 310), (940, 360), (940, 410), (940, 460), (2720, 50), (2720,
100), (2720, 150), (2720, 200), (2720, 250), (2720, 300), (2720, 350), (2720,
400), (2720, 450), (2720, 40), (2720, 90), (2720, 140), (2720, 190), (2720,
240), (2720, 290), (2720, 340), (2720, 390), (2720, 440), (2720, 0), (2720,
490), (2720, 30), (2720, 80), (2720, 130), (2720, 180), (2720, 230), (2720,
280), (2720, 330), (2720, 380), (2720, 430), (2720, 480), (2720, 20), (2720,
70), (2720, 120), (2720, 170), (2720, 220), (2720, 270), (2720, 320), (2720,
370), (2720, 420), (2720, 470), (2720, 10), (2720, 60), (2720, 110), (2720,
160), (2720, 210), (2720, 260), (2720, 310), (2720, 360), (2720, 410), (2720,
460), (1100, 50), (1100, 100), (1100, 150), (1100, 200), (1100, 250), (1100,
300), (1100, 350), (1100, 400), (1100, 450), (1100, 40), (1100, 90), (1100,
140), (1100, 190), (1100, 240), (1100, 290), (1100, 340), (1100, 390), (1100,
440), (1100, 0), (1100, 490), (1100, 30), (1100, 80), (1100, 130), (1100, 180),
(1100, 230), (1100, 280), (1100, 330), (1100, 380), (1100, 430), (1100, 480),
(1100, 20), (1100, 70), (1100, 120), (1100, 170), (1100, 220), (1100, 270),
(1100, 320), (1100, 370), (1100, 420), (1100, 470), (1100, 10), (1100, 60),
(1100, 110), (1100, 160), (1100, 210), (1100, 260), (1100, 310), (1100, 360),
(1100, 410), (1100, 460), (2880, 50), (2880, 100), (2880, 150), (2880, 200),
(2880, 250), (2880, 300), (2880, 350), (2880, 400), (2880, 450), (2880, 40),
(2880, 90), (2880, 140), (2880, 190), (2880, 240), (2880, 290), (2880, 340),
(2880, 390), (2880, 440), (2880, 0), (2880, 490), (2880, 30), (2880, 80),
(2880, 130), (2880, 180), (2880, 230), (2880, 280), (2880, 330), (2880, 380),
(2880, 430), (2880, 480), (2880, 20), (2880, 70), (2880, 120), (2880, 170),
(2880, 220), (2880, 270), (2880, 320), (2880, 370), (2880, 420), (2880, 470),
(2880, 10), (2880, 60), (2880, 110), (2880, 160), (2880, 210), (2880, 260),
(2880, 310), (2880, 360), (2880, 410), (2880, 460), (1260, 50), (1260, 100),
(1260, 150), (1260, 200), (1260, 250), (1260, 300), (1260, 350), (1260, 400),
(1260, 450), (1260, 40), (1260, 90), (1260, 140), (1260, 190), (1260, 240),
(1260, 290), (1260, 340), (1260, 390), (1260, 440), (1260, 0), (1260, 490),
(1260, 30), (1260, 80), (1260, 130), (1260, 180), (1260, 230), (1260, 280),
(1260, 330), (1260, 380), (1260, 430), (1260, 480), (1260, 20), (1260, 70),
(1260, 120), (1260, 170), (1260, 220), (1260, 270), (1260, 320), (1260, 370),
(1260, 420), (1260, 470), (1260, 10), (1260, 60), (1260, 110), (1260, 160),
(1260, 210), (1260, 260), (1260, 310), (1260, 360), (1260, 410), (1260, 460),
(1420, 50), (1420, 100), (1420, 150), (1420, 200), (1420, 250), (1420, 300),
(1420, 350), (1420, 400), (1420, 450), (1420, 40), (1420, 90), (1420, 140),
(1420, 190), (1420, 240), (1420, 290), (1420, 340), (1420, 390), (1420, 440),
(1420, 0), (1420, 490), (1420, 30), (1420, 80), (1420, 130), (1420, 180),
(1420, 230), (1420, 280), (1420, 330), (1420, 380), (1420, 430), (1420, 480),
(1420, 20), (1420, 70), (1420, 120), (1420, 170), (1420, 220), (1420, 270),
(1420, 320), (1420, 370), (1420, 420), (1420, 470), (1420, 10), (1420, 60),
(1420, 110), (1420, 160), (1420, 210), (1420, 260), (1420, 310), (1420, 360),
(1420, 410), (1420, 460), (1580, 50), (1580, 100), (1580, 150), (1580, 200),
(1580, 250), (1580, 300), (1580, 350), (1580, 400), (1580, 450), (1580, 40),
(1580, 90), (1580, 140), (1580, 190), (1580, 240), (1580, 290), (1580, 340),
(1580, 390), (1580, 440), (1580, 0), (1580, 490), (1580, 30), (1580, 80),
(1580, 130), (1580, 180), (1580, 230), (1580, 280), (1580, 330), (1580, 380),
(1580, 430), (1580, 480), (1580, 20), (1580, 70), (1580, 120), (1580, 170),
(1580, 220), (1580, 270), (1580, 320), (1580, 370), (1580, 420), (1580, 470),
(1580, 10), (1580, 60), (1580, 110), (1580, 160), (1580, 210), (1580, 260),
(1580, 310), (1580, 360), (1580, 410), (1580, 460), (1740, 50), (1740, 100),
(1740, 150), (1740, 200), (1740, 250), (1740, 300), (1740, 350), (1740, 400),
(1740, 450), (1740, 40), (1740, 90), (1740, 140), (1740, 190), (1740, 240),
(1740, 290), (1740, 340), (1740, 390), (1740, 440), (1740, 0), (1740, 490),
(1740, 30), (1740, 80), (1740, 130), (1740, 180), (1740, 230), (1740, 280),
(1740, 330), (1740, 380), (1740, 430), (1740, 480), (1740, 20), (1740, 70),
(1740, 120), (1740, 170), (1740, 220), (1740, 270), (1740, 320), (1740, 370),
(1740, 420), (1740, 470), (1740, 10), (1740, 60), (1740, 110), (1740, 160),
(1740, 210), (1740, 260), (1740, 310), (1740, 360), (1740, 410), (1740, 460),
(120, 50), (120, 100), (120, 150), (120, 200), (120, 250), (120, 300), (120,
350), (120, 400), (120, 450), (120, 40), (120, 90), (120, 140), (120, 190),
(120, 240), (120, 290), (120, 340), (120, 390), (120, 440), (120, 0), (120,
490), (120, 30), (120, 80), (120, 130), (120, 180), (120, 230), (120, 280),
(120, 330), (120, 380), (120, 430), (120, 480), (120, 20), (120, 70), (120,
120), (120, 170), (120, 220), (120, 270), (120, 320), (120, 370), (120, 420),
(120, 470), (120, 10), (120, 60), (120, 110), (120, 160), (120, 210), (120,
260), (120, 310), (120, 360), (120, 410), (120, 460), (1900, 50), (1900, 100),
(1900, 150), (1900, 200), (1900, 250), (1900, 300), (1900, 350), (1900, 400),
(1900, 450), (1900, 40), (1900, 90), (1900, 140), (1900, 190), (1900, 240),
(1900, 290), (1900, 340), (1900, 390), (1900, 440), (1900, 0), (1900, 490),
(1900, 30), (1900, 80), (1900, 130), (1900, 180), (1900, 230), (1900, 280),
(1900, 330), (1900, 380), (1900, 430), (1900, 480), (1900, 20), (1900, 70),
(1900, 120), (1900, 170), (1900, 220), (1900, 270), (1900, 320), (1900, 370),
(1900, 420), (1900, 470), (1900, 10), (1900, 60), (1900, 110), (1900, 160),
(1900, 210), (1900, 260), (1900, 310), (1900, 360), (1900, 410), (1900, 460),
(280, 50), (280, 100), (280, 150), (280, 200), (280, 250), (280, 300), (280,
350), (280, 400), (280, 450), (280, 40), (280, 90), (280, 140), (280, 190),
(280, 240), (280, 290), (280, 340), (280, 390), (280, 440), (280, 0), (280,
490), (280, 30), (280, 80), (280, 130), (280, 180), (280, 230), (280, 280),
(280, 330), (280, 380), (280, 430), (280, 480), (280, 20), (280, 70), (280,
120), (280, 170), (280, 220), (280, 270), (280, 320), (280, 370), (280, 420),
(280, 470), (280, 10), (280, 60), (280, 110), (280, 160), (280, 210), (280,
260), (280, 310), (280, 360), (280, 410), (280, 460), (2060, 50), (2060, 100),
(2060, 150), (2060, 200), (2060, 250), (2060, 300), (2060, 350), (2060, 400),
(2060, 450), (2060, 40), (2060, 90), (2060, 140), (2060, 190), (2060, 240),
(2060, 290), (2060, 340), (2060, 390), (2060, 440), (2060, 0), (2060, 490),
(2060, 30), (2060, 80), (2060, 130), (2060, 180), (2060, 230), (2060, 280),
(2060, 330), (2060, 380), (2060, 430), (2060, 480), (2060, 20), (2060, 70),
(2060, 120), (2060, 170), (2060, 220), (2060, 270), (2060, 320), (2060, 370),
(2060, 420), (2060, 470), (2060, 10), (2060, 60), (2060, 110), (2060, 160),
(2060, 210), (2060, 260), (2060, 310), (2060, 360), (2060, 410), (2060, 460),
(440, 50), (440, 100), (440, 150), (440, 200), (440, 250), (440, 300), (440,
350), (440, 400), (440, 450), (440, 40), (440, 90), (440, 140), (440, 190),
(440, 240), (440, 290), (440, 340), (440, 390), (440, 440), (440, 0), (440,
490), (440, 30), (440, 80), (440, 130), (440, 180), (440, 230), (440, 280),
(440, 330), (440, 380), (440, 430), (440, 480), (440, 20), (440, 70), (440,
120), (440, 170), (440, 220), (440, 270), (440, 320), (440, 370), (440, 420),
(440, 470), (440, 10), (440, 60), (440, 110), (440, 160), (440, 210), (440,
260), (440, 310), (440, 360), (440, 410), (440, 460), (2220, 50), (2220, 100),
(2220, 150), (2220, 200), (2220, 250), (2220, 300), (2220, 350), (2220, 400),
(2220, 450), (2220, 40), (2220, 90), (2220, 140), (2220, 190), (2220, 240),
(2220, 290), (2220, 340), (2220, 390), (2220, 440), (2220, 0), (2220, 490),
(2220, 30), (2220, 80), (2220, 130), (2220, 180), (2220, 230), (2220, 280),
(2220, 330), (2220, 380), (2220, 430), (2220, 480), (2220, 20), (2220, 70),
(2220, 120), (2220, 170), (2220, 220), (2220, 270), (2220, 320), (2220, 370),
(2220, 420), (2220, 470), (2220, 10), (2220, 60), (2220, 110), (2220, 160),
(2220, 210), (2220, 260), (2220, 310), (2220, 360), (2220, 410), (2220, 460),
(600, 50), (600, 100), (600, 150), (600, 200), (600, 250), (600, 300), (600,
350), (600, 400), (600, 450), (600, 40), (600, 90), (600, 140), (600, 190),
(600, 240), (600, 290), (600, 340), (600, 390), (600, 440), (600, 0), (600,
490), (600, 30), (600, 80), (600, 130), (600, 180), (600, 230), (600, 280),
(600, 330), (600, 380), (600, 430), (600, 480), (600, 20), (600, 70), (600,
120), (600, 170), (600, 220), (600, 270), (600, 320), (600, 370), (600, 420),
(600, 470), (600, 10), (600, 60), (600, 110), (600, 160), (600, 210), (600,
260), (600, 310), (600, 360), (600, 410), (600, 460), (2380, 50), (2380, 100),
(2380, 150), (2380, 200), (2380, 250), (2380, 300), (2380, 350), (2380, 400),
(2380, 450), (2380, 40), (2380, 90), (2380, 140), (2380, 190), (2380, 240),
(2380, 290), (2380, 340), (2380, 390), (2380, 440), (2380, 0), (2380, 490),
(2380, 30), (2380, 80), (2380, 130), (2380, 180), (2380, 230), (2380, 280),
(2380, 330), (2380, 380), (2380, 430), (2380, 480), (2380, 20), (2380, 70),
(2380, 120), (2380, 170), (2380, 220), (2380, 270), (2380, 320), (2380, 370),
(2380, 420), (2380, 470), (2380, 10), (2380, 60), (2380, 110), (2380, 160),
(2380, 210), (2380, 260), (2380, 310), (2380, 360), (2380, 410), (2380, 460),
(760, 50), (760, 100), (760, 150), (760, 200), (760, 250), (760, 300), (760,
350), (760, 400), (760, 450), (760, 40), (760, 90), (760, 140), (760, 190),
(760, 240), (760, 290), (760, 340), (760, 390), (760, 440), (760, 0), (760,
490), (760, 30), (760, 80), (760, 130), (760, 180), (760, 230), (760, 280),
(760, 330), (760, 380), (760, 430), (760, 480), (760, 20), (760, 70), (760,
120), (760, 170), (760, 220), (760, 270), (760, 320), (760, 370), (760, 420),
(760, 470), (760, 10), (760, 60), (760, 110), (760, 160), (760, 210), (760,
260), (760, 310), (760, 360), (760, 410), (760, 460), (2540, 50), (2540, 100),
(2540, 150), (2540, 200), (2540, 250), (2540, 300), (2540, 350), (2540, 400),
(2540, 450), (2540, 40), (2540, 90), (2540, 140), (2540, 190), (2540, 240),
(2540, 290), (2540, 340), (2540, 390), (2540, 440), (2540, 0), (2540, 490),
(2540, 30), (2540, 80), (2540, 130), (2540, 180), (2540, 230), (2540, 280),
(2540, 330), (2540, 380), (2540, 430), (2540, 480), (2540, 20), (2540, 70),
(2540, 120), (2540, 170), (2540, 220), (2540, 270), (2540, 320), (2540, 370),
(2540, 420), (2540, 470), (2540, 10), (2540, 60), (2540, 110), (2540, 160),
(2540, 210), (2540, 260), (2540, 310), (2540, 360), (2540, 410), (2540, 460),
(920, 50), (920, 100), (920, 150), (920, 200), (920, 250), (920, 300), (920,
350), (920, 400), (920, 450), (920, 40), (920, 90), (920, 140), (920, 190),
(920, 240), (920, 290), (920, 340), (920, 390), (920, 440), (920, 0), (920,
490), (920, 30), (920, 80), (920, 130), (920, 180), (920, 230), (920, 280),
(920, 330), (920, 380), (920, 430), (920, 480), (920, 20), (920, 70), (920,
120), (920, 170), (920, 220), (920, 270), (920, 320), (920, 370), (920, 420),
(920, 470), (920, 10), (920, 60), (920, 110), (920, 160), (920, 210), (920,
260), (920, 310), (920, 360), (920, 410), (920, 460), (2700, 50), (2700, 100),
(2700, 150), (2700, 200), (2700, 250), (2700, 300), (2700, 350), (2700, 400),
(2700, 450), (2700, 40), (2700, 90), (2700, 140), (2700, 190), (2700, 240),
(2700, 290), (2700, 340), (2700, 390), (2700, 440), (2700, 0), (2700, 490),
(2700, 30), (2700, 80), (2700, 130), (2700, 180), (2700, 230), (2700, 280),
(2700, 330), (2700, 380), (2700, 430), (2700, 480), (2700, 20), (2700, 70),
(2700, 120), (2700, 170), (2700, 220), (2700, 270), (2700, 320), (2700, 370),
(2700, 420), (2700, 470), (2700, 10), (2700, 60), (2700, 110), (2700, 160),
(2700, 210), (2700, 260), (2700, 310), (2700, 360), (2700, 410), (2700, 460),
(1080, 50), (1080, 100), (1080, 150), (1080, 200), (1080, 250), (1080, 300),
(1080, 350), (1080, 400), (1080, 450), (1080, 40), (1080, 90), (1080, 140),
(1080, 190), (1080, 240), (1080, 290), (1080, 340), (1080, 390), (1080, 440),
(1080, 0), (1080, 490), (1080, 30), (1080, 80), (1080, 130), (1080, 180),
(1080, 230), (1080, 280), (1080, 330), (1080, 380), (1080, 430), (1080, 480),
(1080, 20), (1080, 70), (1080, 120), (1080, 170), (1080, 220), (1080, 270),
(1080, 320), (1080, 370), (1080, 420), (1080, 470), (1080, 10), (1080, 60),
(1080, 110), (1080, 160), (1080, 210), (1080, 260), (1080, 310), (1080, 360),
(1080, 410), (1080, 460), (2860, 50), (2860, 100), (2860, 150), (2860, 200),
(2860, 250), (2860, 300), (2860, 350), (2860, 400), (2860, 450), (2860, 40),
(2860, 90), (2860, 140), (2860, 190), (2860, 240), (2860, 290), (2860, 340),
(2860, 390), (2860, 440), (2860, 0), (2860, 490), (2860, 30), (2860, 80),
(2860, 130), (2860, 180), (2860, 230), (2860, 280), (2860, 330), (2860, 380),
(2860, 430), (2860, 480), (2860, 20), (2860, 70), (2860, 120), (2860, 170),
(2860, 220), (2860, 270), (2860, 320), (2860, 370), (2860, 420), (2860, 470),
(2860, 10), (2860, 60), (2860, 110), (2860, 160), (2860, 210), (2860, 260),
(2860, 310), (2860, 360), (2860, 410), (2860, 460), (1240, 50), (1240, 100),
(1240, 150), (1240, 200), (1240, 250), (1240, 300), (1240, 350), (1240, 400),
(1240, 450), (1240, 40), (1240, 90), (1240, 140), (1240, 190), (1240, 240),
(1240, 290), (1240, 340), (1240, 390), (1240, 440), (1240, 0), (1240, 490),
(1240, 30), (1240, 80), (1240, 130), (1240, 180), (1240, 230), (1240, 280),
(1240, 330), (1240, 380), (1240, 430), (1240, 480), (1240, 20), (1240, 70),
(1240, 120), (1240, 170), (1240, 220), (1240, 270), (1240, 320), (1240, 370),
(1240, 420), (1240, 470), (1240, 10), (1240, 60), (1240, 110), (1240, 160),
(1240, 210), (1240, 260), (1240, 310), (1240, 360), (1240, 410), (1240, 460),
(1400, 50), (1400, 100), (1400, 150), (1400, 200), (1400, 250), (1400, 300),
(1400, 350), (1400, 400), (1400, 450), (1400, 40), (1400, 90), (1400, 140),
(1400, 190), (1400, 240), (1400, 290), (1400, 340), (1400, 390), (1400, 440),
(1400, 0), (1400, 490), (1400, 30), (1400, 80), (1400, 130), (1400, 180),
(1400, 230), (1400, 280), (1400, 330), (1400, 380), (1400, 430), (1400, 480),
(1400, 20), (1400, 70), (1400, 120), (1400, 170), (1400, 220), (1400, 270),
(1400, 320), (1400, 370), (1400, 420), (1400, 470), (1400, 10), (1400, 60),
(1400, 110), (1400, 160), (1400, 210), (1400, 260), (1400, 310), (1400, 360),
(1400, 410), (1400, 460), (1560, 50), (1560, 100), (1560, 150), (1560, 200),
(1560, 250), (1560, 300), (1560, 350), (1560, 400), (1560, 450), (1560, 40),
(1560, 90), (1560, 140), (1560, 190), (1560, 240), (1560, 290), (1560, 340),
(1560, 390), (1560, 440), (1560, 0), (1560, 490), (1560, 30), (1560, 80),
(1560, 130), (1560, 180), (1560, 230), (1560, 280), (1560, 330), (1560, 380),
(1560, 430), (1560, 480), (1560, 20), (1560, 70), (1560, 120), (1560, 170),
(1560, 220), (1560, 270), (1560, 320), (1560, 370), (1560, 420), (1560, 470),
(1560, 10), (1560, 60), (1560, 110), (1560, 160), (1560, 210), (1560, 260),
(1560, 310), (1560, 360), (1560, 410), (1560, 460), (1720, 50), (1720, 100),
(1720, 150), (1720, 200), (1720, 250), (1720, 300), (1720, 350), (1720, 400),
(1720, 450), (1720, 40), (1720, 90), (1720, 140), (1720, 190), (1720, 240),
(1720, 290), (1720, 340), (1720, 390), (1720, 440), (1720, 0), (1720, 490),
(1720, 30), (1720, 80), (1720, 130), (1720, 180), (1720, 230), (1720, 280),
(1720, 330), (1720, 380), (1720, 430), (1720, 480), (1720, 20), (1720, 70),
(1720, 120), (1720, 170), (1720, 220), (1720, 270), (1720, 320), (1720, 370),
(1720, 420), (1720, 470), (1720, 10), (1720, 60), (1720, 110), (1720, 160),
(1720, 210), (1720, 260), (1720, 310), (1720, 360), (1720, 410), (1720, 460),
(100, 50), (100, 100), (100, 150), (100, 200), (100, 250), (100, 300), (100,
350), (100, 400), (100, 450), (100, 40), (100, 90), (100, 140), (100, 190),
(100, 240), (100, 290), (100, 340), (100, 390), (100, 440), (100, 0), (100,
490), (100, 30), (100, 80), (100, 130), (100, 180), (100, 230), (100, 280),
(100, 330), (100, 380), (100, 430), (100, 480), (100, 20), (100, 70), (100,
120), (100, 170), (100, 220), (100, 270), (100, 320), (100, 370), (100, 420),
(100, 470), (100, 10), (100, 60), (100, 110), (100, 160), (100, 210), (100,
260), (100, 310), (100, 360), (100, 410), (100, 460), (1880, 50), (1880, 100),
(1880, 150), (1880, 200), (1880, 250), (1880, 300), (1880, 350), (1880, 400),
(1880, 450), (1880, 40), (1880, 90), (1880, 140), (1880, 190), (1880, 240),
(1880, 290), (1880, 340), (1880, 390), (1880, 440), (1880, 0), (1880, 490),
(1880, 30), (1880, 80), (1880, 130), (1880, 180), (1880, 230), (1880, 280),
(1880, 330), (1880, 380), (1880, 430), (1880, 480), (1880, 20), (1880, 70),
(1880, 120), (1880, 170), (1880, 220), (1880, 270), (1880, 320), (1880, 370),
(1880, 420), (1880, 470), (1880, 10), (1880, 60), (1880, 110), (1880, 160),
(1880, 210), (1880, 260), (1880, 310), (1880, 360), (1880, 410), (1880, 460),
(260, 50), (260, 100), (260, 150), (260, 200), (260, 250), (260, 300), (260,
350), (260, 400), (260, 450), (260, 40), (260, 90), (260, 140), (260, 190),
(260, 240), (260, 290), (260, 340), (260, 390), (260, 440), (260, 0), (260,
490), (260, 30), (260, 80), (260, 130), (260, 180), (260, 230), (260, 280),
(260, 330), (260, 380), (260, 430), (260, 480), (260, 20), (260, 70), (260,
120), (260, 170), (260, 220), (260, 270), (260, 320), (260, 370), (260, 420),
(260, 470), (260, 10), (260, 60), (260, 110), (260, 160), (260, 210), (260,
260), (260, 310), (260, 360), (260, 410), (260, 460), (2040, 50), (2040, 100),
(2040, 150), (2040, 200), (2040, 250), (2040, 300), (2040, 350), (2040, 400),
(2040, 450), (2040, 40), (2040, 90), (2040, 140), (2040, 190), (2040, 240),
(2040, 290), (2040, 340), (2040, 390), (2040, 440), (2040, 0), (2040, 490),
(2040, 30), (2040, 80), (2040, 130), (2040, 180), (2040, 230), (2040, 280),
(2040, 330), (2040, 380), (2040, 430), (2040, 480), (2040, 20), (2040, 70),
(2040, 120), (2040, 170), (2040, 220), (2040, 270), (2040, 320), (2040, 370),
(2040, 420), (2040, 470), (2040, 10), (2040, 60), (2040, 110), (2040, 160),
(2040, 210), (2040, 260), (2040, 310), (2040, 360), (2040, 410), (2040, 460),
(420, 50), (420, 100), (420, 150), (420, 200), (420, 250), (420, 300), (420,
350), (420, 400), (420, 450), (420, 40), (420, 90), (420, 140), (420, 190),
(420, 240), (420, 290), (420, 340), (420, 390), (420, 440), (420, 0), (420,
490), (420, 30), (420, 80), (420, 130), (420, 180), (420, 230), (420, 280),
(420, 330), (420, 380), (420, 430), (420, 480), (420, 20), (420, 70), (420,
120), (420, 170), (420, 220), (420, 270), (420, 320), (420, 370), (420, 420),
(420, 470), (420, 10), (420, 60), (420, 110), (420, 160), (420, 210), (420,
260), (420, 310), (420, 360), (420, 410), (420, 460), (2200, 50), (2200, 100),
(2200, 150), (2200, 200), (2200, 250), (2200, 300), (2200, 350), (2200, 400),
(2200, 450), (2200, 40), (2200, 90), (2200, 140), (2200, 190), (2200, 240),
(2200, 290), (2200, 340), (2200, 390), (2200, 440), (2200, 0), (2200, 490),
(2200, 30), (2200, 80), (2200, 130), (2200, 180), (2200, 230), (2200, 280),
(2200, 330), (2200, 380), (2200, 430), (2200, 480), (2200, 20), (2200, 70),
(2200, 120), (2200, 170), (2200, 220), (2200, 270), (2200, 320), (2200, 370),
(2200, 420), (2200, 470), (2200, 10), (2200, 60), (2200, 110), (2200, 160),
(2200, 210), (2200, 260), (2200, 310), (2200, 360), (2200, 410), (2200, 460),
(580, 50), (580, 100), (580, 150), (580, 200), (580, 250), (580, 300), (580,
350), (580, 400), (580, 450), (580, 40), (580, 90), (580, 140), (580, 190),
(580, 240), (580, 290), (580, 340), (580, 390), (580, 440), (580, 0), (580,
490), (580, 30), (580, 80), (580, 130), (580, 180), (580, 230), (580, 280),
(580, 330), (580, 380), (580, 430), (580, 480), (580, 20), (580, 70), (580,
120), (580, 170), (580, 220), (580, 270), (580, 320), (580, 370), (580, 420),
(580, 470), (580, 10), (580, 60), (580, 110), (580, 160), (580, 210), (580,
260), (580, 310), (580, 360), (580, 410), (580, 460), (2360, 50), (2360, 100),
(2360, 150), (2360, 200), (2360, 250), (2360, 300), (2360, 350), (2360, 400),
(2360, 450), (2360, 40), (2360, 90), (2360, 140), (2360, 190), (2360, 240),
(2360, 290), (2360, 340), (2360, 390), (2360, 440), (2360, 0), (2360, 490),
(2360, 30), (2360, 80), (2360, 130), (2360, 180), (2360, 230), (2360, 280),
(2360, 330), (2360, 380), (2360, 430), (2360, 480), (2360, 20), (2360, 70),
(2360, 120), (2360, 170), (2360, 220), (2360, 270), (2360, 320), (2360, 370),
(2360, 420), (2360, 470), (2360, 10), (2360, 60), (2360, 110), (2360, 160),
(2360, 210), (2360, 260), (2360, 310), (2360, 360), (2360, 410), (2360, 460),
(740, 50), (740, 100), (740, 150), (740, 200), (740, 250), (740, 300), (740,
350), (740, 400), (740, 450), (740, 40), (740, 90), (740, 140), (740, 190),
(740, 240), (740, 290), (740, 340), (740, 390), (740, 440), (740, 0), (740,
490), (740, 30), (740, 80), (740, 130), (740, 180), (740, 230), (740, 280),
(740, 330), (740, 380), (740, 430), (740, 480), (740, 20), (740, 70), (740,
120), (740, 170), (740, 220), (740, 270), (740, 320), (740, 370), (740, 420),
(740, 470), (740, 10), (740, 60), (740, 110), (740, 160), (740, 210), (740,
260), (740, 310), (740, 360), (740, 410), (740, 460), (2520, 50), (2520, 100),
(2520, 150), (2520, 200), (2520, 250), (2520, 300), (2520, 350), (2520, 400),
(2520, 450), (2520, 40), (2520, 90), (2520, 140), (2520, 190), (2520, 240),
(2520, 290), (2520, 340), (2520, 390), (2520, 440), (2520, 0), (2520, 490),
(2520, 30), (2520, 80), (2520, 130), (2520, 180), (2520, 230), (2520, 280),
(2520, 330), (2520, 380), (2520, 430), (2520, 480), (2520, 20), (2520, 70),
(2520, 120), (2520, 170), (2520, 220), (2520, 270), (2520, 320), (2520, 370),
(2520, 420), (2520, 470), (2520, 10), (2520, 60), (2520, 110), (2520, 160),
(2520, 210), (2520, 260), (2520, 310), (2520, 360), (2520, 410), (2520, 460),
(900, 50), (900, 100), (900, 150), (900, 200), (900, 250), (900, 300), (900,
350), (900, 400), (900, 450), (900, 40), (900, 90), (900, 140), (900, 190),
(900, 240), (900, 290), (900, 340), (900, 390), (900, 440), (900, 0), (900,
490), (900, 30), (900, 80), (900, 130), (900, 180), (900, 230), (900, 280),
(900, 330), (900, 380), (900, 430), (900, 480), (900, 20), (900, 70), (900,
120), (900, 170), (900, 220), (900, 270), (900, 320), (900, 370), (900, 420),
(900, 470), (900, 10), (900, 60), (900, 110), (900, 160), (900, 210), (900,
260), (900, 310), (900, 360), (900, 410), (900, 460), (2680, 50), (2680, 100),
(2680, 150), (2680, 200), (2680, 250), (2680, 300), (2680, 350), (2680, 400),
(2680, 450), (2680, 40), (2680, 90), (2680, 140), (2680, 190), (2680, 240),
(2680, 290), (2680, 340), (2680, 390), (2680, 440), (2680, 0), (2680, 490),
(2680, 30), (2680, 80), (2680, 130), (2680, 180), (2680, 230), (2680, 280),
(2680, 330), (2680, 380), (2680, 430), (2680, 480), (2680, 20), (2680, 70),
(2680, 120), (2680, 170), (2680, 220), (2680, 270), (2680, 320), (2680, 370),
(2680, 420), (2680, 470), (2680, 10), (2680, 60), (2680, 110), (2680, 160),
(2680, 210), (2680, 260), (2680, 310), (2680, 360), (2680, 410), (2680, 460),
(1060, 50), (1060, 100), (1060, 150), (1060, 200), (1060, 250), (1060, 300),
(1060, 350), (1060, 400), (1060, 450), (1060, 40), (1060, 90), (1060, 140),
(1060, 190), (1060, 240), (1060, 290), (1060, 340), (1060, 390), (1060, 440),
(1060, 0), (1060, 490), (1060, 30), (1060, 80), (1060, 130), (1060, 180),
(1060, 230), (1060, 280), (1060, 330), (1060, 380), (1060, 430), (1060, 480),
(1060, 20), (1060, 70), (1060, 120), (1060, 170), (1060, 220), (1060, 270),
(1060, 320), (1060, 370), (1060, 420), (1060, 470), (1060, 10), (1060, 60),
(1060, 110), (1060, 160), (1060, 210), (1060, 260), (1060, 310), (1060, 360),
(1060, 410), (1060, 460), (2840, 50), (2840, 100), (2840, 150), (2840, 200),
(2840, 250), (2840, 300), (2840, 350), (2840, 400), (2840, 450), (2840, 40),
(2840, 90), (2840, 140), (2840, 190), (2840, 240), (2840, 290), (2840, 340),
(2840, 390), (2840, 440), (2840, 0), (2840, 490), (2840, 30), (2840, 80),
(2840, 130), (2840, 180), (2840, 230), (2840, 280), (2840, 330), (2840, 380),
(2840, 430), (2840, 480), (2840, 20), (2840, 70), (2840, 120), (2840, 170),
(2840, 220), (2840, 270), (2840, 320), (2840, 370), (2840, 420), (2840, 470),
(2840, 10), (2840, 60), (2840, 110), (2840, 160), (2840, 210), (2840, 260),
(2840, 310), (2840, 360), (2840, 410), (2840, 460), (1220, 50), (1220, 100),
(1220, 150), (1220, 200), (1220, 250), (1220, 300), (1220, 350), (1220, 400),
(1220, 450), (1220, 40), (1220, 90), (1220, 140), (1220, 190), (1220, 240),
(1220, 290), (1220, 340), (1220, 390), (1220, 440), (1220, 0), (1220, 490),
(1220, 30), (1220, 80), (1220, 130), (1220, 180), (1220, 230), (1220, 280),
(1220, 330), (1220, 380), (1220, 430), (1220, 480), (1220, 20), (1220, 70),
(1220, 120), (1220, 170), (1220, 220), (1220, 270), (1220, 320), (1220, 370),
(1220, 420), (1220, 470), (1220, 10), (1220, 60), (1220, 110), (1220, 160),
(1220, 210), (1220, 260), (1220, 310), (1220, 360), (1220, 410), (1220, 460),
(1380, 50), (1380, 100), (1380, 150), (1380, 200), (1380, 250), (1380, 300),
(1380, 350), (1380, 400), (1380, 450), (1380, 40), (1380, 90), (1380, 140),
(1380, 190), (1380, 240), (1380, 290), (1380, 340), (1380, 390), (1380, 440),
(1380, 0), (1380, 490), (1380, 30), (1380, 80), (1380, 130), (1380, 180),
(1380, 230), (1380, 280), (1380, 330), (1380, 380), (1380, 430), (1380, 480),
(1380, 20), (1380, 70), (1380, 120), (1380, 170), (1380, 220), (1380, 270),
(1380, 320), (1380, 370), (1380, 420), (1380, 470), (1380, 10), (1380, 60),
(1380, 110), (1380, 160), (1380, 210), (1380, 260), (1380, 310), (1380, 360),
(1380, 410), (1380, 460), (1540, 50), (1540, 100), (1540, 150), (1540, 200),
(1540, 250), (1540, 300), (1540, 350), (1540, 400), (1540, 450), (1540, 40),
(1540, 90), (1540, 140), (1540, 190), (1540, 240), (1540, 290), (1540, 340),
(1540, 390), (1540, 440), (1540, 0), (1540, 490), (1540, 30), (1540, 80),
(1540, 130), (1540, 180), (1540, 230), (1540, 280), (1540, 330), (1540, 380),
(1540, 430), (1540, 480), (1540, 20), (1540, 70), (1540, 120), (1540, 170),
(1540, 220), (1540, 270), (1540, 320), (1540, 370), (1540, 420), (1540, 470),
(1540, 10), (1540, 60), (1540, 110), (1540, 160), (1540, 210), (1540, 260),
(1540, 310), (1540, 360), (1540, 410), (1540, 460), (1700, 50), (1700, 100),
(1700, 150), (1700, 200), (1700, 250), (1700, 300), (1700, 350), (1700, 400),
(1700, 450), (1700, 40), (1700, 90), (1700, 140), (1700, 190), (1700, 240),
(1700, 290), (1700, 340), (1700, 390), (1700, 440), (1700, 0), (1700, 490),
(1700, 30), (1700, 80), (1700, 130), (1700, 180), (1700, 230), (1700, 280),
(1700, 330), (1700, 380), (1700, 430), (1700, 480), (1700, 20), (1700, 70),
(1700, 120), (1700, 170), (1700, 220), (1700, 270), (1700, 320), (1700, 370),
(1700, 420), (1700, 470), (1700, 10), (1700, 60), (1700, 110), (1700, 160),
(1700, 210), (1700, 260), (1700, 310), (1700, 360), (1700, 410), (1700, 460),
(80, 50), (80, 100), (80, 150), (80, 200), (80, 250), (80, 300), (80, 350),
(80, 400), (80, 450), (80, 40), (80, 90), (80, 140), (80, 190), (80, 240), (80,
290), (80, 340), (80, 390), (80, 440), (80, 0), (80, 490), (80, 30), (80, 80),
(80, 130), (80, 180), (80, 230), (80, 280), (80, 330), (80, 380), (80, 430),
(80, 480), (80, 20), (80, 70), (80, 120), (80, 170), (80, 220), (80, 270), (80,
320), (80, 370), (80, 420), (80, 470), (80, 10), (80, 60), (80, 110), (80,
160), (80, 210), (80, 260), (80, 310), (80, 360), (80, 410), (80, 460), (1860,
50), (1860, 100), (1860, 150), (1860, 200), (1860, 250), (1860, 300), (1860,
350), (1860, 400), (1860, 450), (1860, 40), (1860, 90), (1860, 140), (1860,
190), (1860, 240), (1860, 290), (1860, 340), (1860, 390), (1860, 440), (1860,
0), (1860, 490), (1860, 30), (1860, 80), (1860, 130), (1860, 180), (1860, 230),
(1860, 280), (1860, 330), (1860, 380), (1860, 430), (1860, 480), (1860, 20),
(1860, 70), (1860, 120), (1860, 170), (1860, 220), (1860, 270), (1860, 320),
(1860, 370), (1860, 420), (1860, 470), (1860, 10), (1860, 60), (1860, 110),
(1860, 160), (1860, 210), (1860, 260), (1860, 310), (1860, 360), (1860, 410),
(1860, 460), (240, 50), (240, 100), (240, 150), (240, 200), (240, 250), (240,
300), (240, 350), (240, 400), (240, 450), (240, 40), (240, 90), (240, 140),
(240, 190), (240, 240), (240, 290), (240, 340), (240, 390), (240, 440), (240,
0), (240, 490), (240, 30), (240, 80), (240, 130), (240, 180), (240, 230), (240,
280), (240, 330), (240, 380), (240, 430), (240, 480), (240, 20), (240, 70),
(240, 120), (240, 170), (240, 220), (240, 270), (240, 320), (240, 370), (240,
420), (240, 470), (240, 10), (240, 60), (240, 110), (240, 160), (240, 210),
(240, 260), (240, 310), (240, 360), (240, 410), (240, 460), (2020, 50), (2020,
100), (2020, 150), (2020, 200), (2020, 250), (2020, 300), (2020, 350), (2020,
400), (2020, 450), (2020, 40), (2020, 90), (2020, 140), (2020, 190), (2020,
240), (2020, 290), (2020, 340), (2020, 390), (2020, 440), (2020, 0), (2020,
490), (2020, 30), (2020, 80), (2020, 130), (2020, 180), (2020, 230), (2020,
280), (2020, 330), (2020, 380), (2020, 430), (2020, 480), (2020, 20), (2020,
70), (2020, 120), (2020, 170), (2020, 220), (2020, 270), (2020, 320), (2020,
370), (2020, 420), (2020, 470), (2020, 10), (2020, 60), (2020, 110), (2020,
160), (2020, 210), (2020, 260), (2020, 310), (2020, 360), (2020, 410), (2020,
460), (400, 50), (400, 100), (400, 150), (400, 200), (400, 250), (400, 300),
(400, 350), (400, 400), (400, 450), (400, 40), (400, 90), (400, 140), (400,
190), (400, 240), (400, 290), (400, 340), (400, 390), (400, 440), (400, 0),
(400, 490), (400, 30), (400, 80), (400, 130), (400, 180), (400, 230), (400,
280), (400, 330), (400, 380), (400, 430), (400, 480), (400, 20), (400, 70),
(400, 120), (400, 170), (400, 220), (400, 270), (400, 320), (400, 370), (400,
420), (400, 470), (400, 10), (400, 60), (400, 110), (400, 160), (400, 210),
(400, 260), (400, 310), (400, 360), (400, 410), (400, 460), (2180, 50), (2180,
100), (2180, 150), (2180, 200), (2180, 250), (2180, 300), (2180, 350), (2180,
400), (2180, 450), (2180, 40), (2180, 90), (2180, 140), (2180, 190), (2180,
240), (2180, 290), (2180, 340), (2180, 390), (2180, 440), (2180, 0), (2180,
490), (2180, 30), (2180, 80), (2180, 130), (2180, 180), (2180, 230), (2180,
280), (2180, 330), (2180, 380), (2180, 430), (2180, 480), (2180, 20), (2180,
70), (2180, 120), (2180, 170), (2180, 220), (2180, 270), (2180, 320), (2180,
370), (2180, 420), (2180, 470), (2180, 10), (2180, 60), (2180, 110), (2180,
160), (2180, 210), (2180, 260), (2180, 310), (2180, 360), (2180, 410), (2180,
460), (560, 50), (560, 100), (560, 150), (560, 200), (560, 250), (560, 300),
(560, 350), (560, 400), (560, 450), (560, 40), (560, 90), (560, 140), (560,
190), (560, 240), (560, 290), (560, 340), (560, 390), (560, 440), (560, 0),
(560, 490), (560, 30), (560, 80), (560, 130), (560, 180), (560, 230), (560,
280), (560, 330), (560, 380), (560, 430), (560, 480), (560, 20), (560, 70),
(560, 120), (560, 170), (560, 220), (560, 270), (560, 320), (560, 370), (560,
420), (560, 470), (560, 10), (560, 60), (560, 110), (560, 160), (560, 210),
(560, 260), (560, 310), (560, 360), (560, 410), (560, 460), (2340, 50), (2340,
100), (2340, 150), (2340, 200), (2340, 250), (2340, 300), (2340, 350), (2340,
400), (2340, 450), (2340, 40), (2340, 90), (2340, 140), (2340, 190), (2340,
240), (2340, 290), (2340, 340), (2340, 390), (2340, 440), (2340, 0), (2340,
490), (2340, 30), (2340, 80), (2340, 130), (2340, 180), (2340, 230), (2340,
280), (2340, 330), (2340, 380), (2340, 430), (2340, 480), (2340, 20), (2340,
70), (2340, 120), (2340, 170), (2340, 220), (2340, 270), (2340, 320), (2340,
370), (2340, 420), (2340, 470), (2340, 10), (2340, 60), (2340, 110), (2340,
160), (2340, 210), (2340, 260), (2340, 310), (2340, 360), (2340, 410), (2340,
460), (720, 50), (720, 100), (720, 150), (720, 200), (720, 250), (720, 300),
(720, 350), (720, 400), (720, 450), (720, 40), (720, 90), (720, 140), (720,
190), (720, 240), (720, 290), (720, 340), (720, 390), (720, 440), (720, 0),
(720, 490), (720, 30), (720, 80), (720, 130), (720, 180), (720, 230), (720,
280), (720, 330), (720, 380), (720, 430), (720, 480), (720, 20), (720, 70),
(720, 120), (720, 170), (720, 220), (720, 270), (720, 320), (720, 370), (720,
420), (720, 470), (720, 10), (720, 60), (720, 110), (720, 160), (720, 210),
(720, 260), (720, 310), (720, 360), (720, 410), (720, 460), (2500, 50), (2500,
100), (2500, 150), (2500, 200), (2500, 250), (2500, 300), (2500, 350), (2500,
400), (2500, 450), (2500, 40), (2500, 90), (2500, 140), (2500, 190), (2500,
240), (2500, 290), (2500, 340), (2500, 390), (2500, 440), (2500, 0), (2500,
490), (2500, 30), (2500, 80), (2500, 130), (2500, 180), (2500, 230), (2500,
280), (2500, 330), (2500, 380), (2500, 430), (2500, 480), (2500, 20), (2500,
70), (2500, 120), (2500, 170), (2500, 220), (2500, 270), (2500, 320), (2500,
370), (2500, 420), (2500, 470), (2500, 10), (2500, 60), (2500, 110), (2500,
160), (2500, 210), (2500, 260), (2500, 310), (2500, 360), (2500, 410), (2500,
460), (880, 50), (880, 100), (880, 150), (880, 200), (880, 250), (880, 300),
(880, 350), (880, 400), (880, 450), (880, 40), (880, 90), (880, 140), (880,
190), (880, 240), (880, 290), (880, 340), (880, 390), (880, 440), (880, 0),
(880, 490), (880, 30), (880, 80), (880, 130), (880, 180), (880, 230), (880,
280), (880, 330), (880, 380), (880, 430), (880, 480), (880, 20), (880, 70),
(880, 120), (880, 170), (880, 220), (880, 270), (880, 320), (880, 370), (880,
420), (880, 470), (880, 10), (880, 60), (880, 110), (880, 160), (880, 210),
(880, 260), (880, 310), (880, 360), (880, 410), (880, 460), (2660, 50), (2660,
100), (2660, 150), (2660, 200), (2660, 250), (2660, 300), (2660, 350), (2660,
400), (2660, 450), (2660, 40), (2660, 90), (2660, 140), (2660, 190), (2660,
240), (2660, 290), (2660, 340), (2660, 390), (2660, 440), (2660, 0), (2660,
490), (2660, 30), (2660, 80), (2660, 130), (2660, 180), (2660, 230), (2660,
280), (2660, 330), (2660, 380), (2660, 430), (2660, 480), (2660, 20), (2660,
70), (2660, 120), (2660, 170), (2660, 220), (2660, 270), (2660, 320), (2660,
370), (2660, 420), (2660, 470), (2660, 10), (2660, 60), (2660, 110), (2660,
160), (2660, 210), (2660, 260), (2660, 310), (2660, 360), (2660, 410), (2660,
460), (1040, 50), (1040, 100), (1040, 150), (1040, 200), (1040, 250), (1040,
300), (1040, 350), (1040, 400), (1040, 450), (1040, 40), (1040, 90), (1040,
140), (1040, 190), (1040, 240), (1040, 290), (1040, 340), (1040, 390), (1040,
440), (1040, 0), (1040, 490), (1040, 30), (1040, 80), (1040, 130), (1040, 180),
(1040, 230), (1040, 280), (1040, 330), (1040, 380), (1040, 430), (1040, 480),
(1040, 20), (1040, 70), (1040, 120), (1040, 170), (1040, 220), (1040, 270),
(1040, 320), (1040, 370), (1040, 420), (1040, 470), (1040, 10), (1040, 60),
(1040, 110), (1040, 160), (1040, 210), (1040, 260), (1040, 310), (1040, 360),
(1040, 410), (1040, 460), (2820, 50), (2820, 100), (2820, 150), (2820, 200),
(2820, 250), (2820, 300), (2820, 350), (2820, 400), (2820, 450), (2820, 40),
(2820, 90), (2820, 140), (2820, 190), (2820, 240), (2820, 290), (2820, 340),
(2820, 390), (2820, 440), (2820, 0), (2820, 490), (2820, 30), (2820, 80),
(2820, 130), (2820, 180), (2820, 230), (2820, 280), (2820, 330), (2820, 380),
(2820, 430), (2820, 480), (2820, 20), (2820, 70), (2820, 120), (2820, 170),
(2820, 220), (2820, 270), (2820, 320), (2820, 370), (2820, 420), (2820, 470),
(2820, 10), (2820, 60), (2820, 110), (2820, 160), (2820, 210), (2820, 260),
(2820, 310), (2820, 360), (2820, 410), (2820, 460), (1200, 50), (1200, 100),
(1200, 150), (1200, 200), (1200, 250), (1200, 300), (1200, 350), (1200, 400),
(1200, 450), (1200, 40), (1200, 90), (1200, 140), (1200, 190), (1200, 240),
(1200, 290), (1200, 340), (1200, 390), (1200, 440), (1200, 0), (1200, 490),
(1200, 30), (1200, 80), (1200, 130), (1200, 180), (1200, 230), (1200, 280),
(1200, 330), (1200, 380), (1200, 430), (1200, 480), (1200, 20), (1200, 70),
(1200, 120), (1200, 170), (1200, 220), (1200, 270), (1200, 320), (1200, 370),
(1200, 420), (1200, 470), (1200, 10), (1200, 60), (1200, 110), (1200, 160),
(1200, 210), (1200, 260), (1200, 310), (1200, 360), (1200, 410), (1200, 460),
(2980, 50), (2980, 100), (2980, 150), (2980, 200), (2980, 250), (2980, 300),
(2980, 350), (2980, 400), (2980, 450), (2980, 40), (2980, 90), (2980, 140),
(2980, 190), (2980, 240), (2980, 290), (2980, 340), (2980, 390), (2980, 440),
(2980, 0), (2980, 490), (2980, 30), (2980, 80), (2980, 130), (2980, 180),
(2980, 230), (2980, 280), (2980, 330), (2980, 380), (2980, 430), (2980, 480),
(2980, 20), (2980, 70), (2980, 120), (2980, 170), (2980, 220), (2980, 270),
(2980, 320), (2980, 370), (2980, 420), (2980, 470), (2980, 10), (2980, 60),
(2980, 110), (2980, 160), (2980, 210), (2980, 260), (2980, 310), (2980, 360),
(2980, 410), (2980, 460), (1360, 50), (1360, 100), (1360, 150), (1360, 200),
(1360, 250), (1360, 300), (1360, 350), (1360, 400), (1360, 450), (1360, 40),
(1360, 90), (1360, 140), (1360, 190), (1360, 240), (1360, 290), (1360, 340),
(1360, 390), (1360, 440), (1360, 0), (1360, 490), (1360, 30), (1360, 80),
(1360, 130), (1360, 180), (1360, 230), (1360, 280), (1360, 330), (1360, 380),
(1360, 430), (1360, 480), (1360, 20), (1360, 70), (1360, 120), (1360, 170),
(1360, 220), (1360, 270), (1360, 320), (1360, 370), (1360, 420), (1360, 470),
(1360, 10), (1360, 60), (1360, 110), (1360, 160), (1360, 210), (1360, 260),
(1360, 310), (1360, 360), (1360, 410), (1360, 460), (1520, 50), (1520, 100),
(1520, 150), (1520, 200), (1520, 250), (1520, 300), (1520, 350), (1520, 400),
(1520, 450), (1520, 40), (1520, 90), (1520, 140), (1520, 190), (1520, 240),
(1520, 290), (1520, 340), (1520, 390), (1520, 440), (1520, 0), (1520, 490),
(1520, 30), (1520, 80), (1520, 130), (1520, 180), (1520, 230), (1520, 280),
(1520, 330), (1520, 380), (1520, 430), (1520, 480), (1520, 20), (1520, 70),
(1520, 120), (1520, 170), (1520, 220), (1520, 270), (1520, 320), (1520, 370),
(1520, 420), (1520, 470), (1520, 10), (1520, 60), (1520, 110), (1520, 160),
(1520, 210), (1520, 260), (1520, 310), (1520, 360), (1520, 410), (1520, 460),
(1680, 50), (1680, 100), (1680, 150), (1680, 200), (1680, 250), (1680, 300),
(1680, 350), (1680, 400), (1680, 450), (1680, 40), (1680, 90), (1680, 140),
(1680, 190), (1680, 240), (1680, 290), (1680, 340), (1680, 390), (1680, 440),
(1680, 0), (1680, 490), (1680, 30), (1680, 80), (1680, 130), (1680, 180),
(1680, 230), (1680, 280), (1680, 330), (1680, 380), (1680, 430), (1680, 480),
(1680, 20), (1680, 70), (1680, 120), (1680, 170), (1680, 220), (1680, 270),
(1680, 320), (1680, 370), (1680, 420), (1680, 470), (1680, 10), (1680, 60),
(1680, 110), (1680, 160), (1680, 210), (1680, 260), (1680, 310), (1680, 360),
(1680, 410), (1680, 460), (60, 50), (60, 100), (60, 150), (60, 200), (60, 250),
(60, 300), (60, 350), (60, 400), (60, 450), (60, 40), (60, 90), (60, 140), (60,
190), (60, 240), (60, 290), (60, 340), (60, 390), (60, 440), (60, 0), (60,
490), (60, 30), (60, 80), (60, 130), (60, 180), (60, 230), (60, 280), (60,
330), (60, 380), (60, 430), (60, 480), (60, 20), (60, 70), (60, 120), (60,
170), (60, 220), (60, 270), (60, 320), (60, 370), (60, 420), (60, 470), (60,
10), (60, 60), (60, 110), (60, 160), (60, 210), (60, 260), (60, 310), (60,
360), (60, 410), (60, 460), (1840, 50), (1840, 100), (1840, 150), (1840, 200),
(1840, 250), (1840, 300), (1840, 350), (1840, 400), (1840, 450), (1840, 40),
(1840, 90), (1840, 140), (1840, 190), (1840, 240), (1840, 290), (1840, 340),
(1840, 390), (1840, 440), (1840, 0), (1840, 490), (1840, 30), (1840, 80),
(1840, 130), (1840, 180), (1840, 230), (1840, 280), (1840, 330), (1840, 380),
(1840, 430), (1840, 480), (1840, 20), (1840, 70), (1840, 120), (1840, 170),
(1840, 220), (1840, 270), (1840, 320), (1840, 370), (1840, 420), (1840, 470),
(1840, 10), (1840, 60), (1840, 110), (1840, 160), (1840, 210), (1840, 260),
(1840, 310), (1840, 360), (1840, 410), (1840, 460), (220, 50), (220, 100),
(220, 150), (220, 200), (220, 250), (220, 300), (220, 350), (220, 400), (220,
450), (220, 40), (220, 90), (220, 140), (220, 190), (220, 240), (220, 290),
(220, 340), (220, 390), (220, 440), (220, 0), (220, 490), (220, 30), (220, 80),
(220, 130), (220, 180), (220, 230), (220, 280), (220, 330), (220, 380), (220,
430), (220, 480), (220, 20), (220, 70), (220, 120), (220, 170), (220, 220),
(220, 270), (220, 320), (220, 370), (220, 420), (220, 470), (220, 10), (220,
60), (220, 110), (220, 160), (220, 210), (220, 260), (220, 310), (220, 360),
(220, 410), (220, 460), (2000, 50), (2000, 100), (2000, 150), (2000, 200),
(2000, 250), (2000, 300), (2000, 350), (2000, 400), (2000, 450), (2000, 40),
(2000, 90), (2000, 140), (2000, 190), (2000, 240), (2000, 290), (2000, 340),
(2000, 390), (2000, 440), (2000, 0), (2000, 490), (2000, 30), (2000, 80),
(2000, 130), (2000, 180), (2000, 230), (2000, 280), (2000, 330), (2000, 380),
(2000, 430), (2000, 480), (2000, 20), (2000, 70), (2000, 120), (2000, 170),
(2000, 220), (2000, 270), (2000, 320), (2000, 370), (2000, 420), (2000, 470),
(2000, 10), (2000, 60), (2000, 110), (2000, 160), (2000, 210), (2000, 260),
(2000, 310), (2000, 360), (2000, 410), (2000, 460), (380, 50), (380, 100),
(380, 150), (380, 200), (380, 250), (380, 300), (380, 350), (380, 400), (380,
450), (380, 40), (380, 90), (380, 140), (380, 190), (380, 240), (380, 290),
(380, 340), (380, 390), (380, 440), (380, 0), (380, 490), (380, 30), (380, 80),
(380, 130), (380, 180), (380, 230), (380, 280), (380, 330), (380, 380), (380,
430), (380, 480), (380, 20), (380, 70), (380, 120), (380, 170), (380, 220),
(380, 270), (380, 320), (380, 370), (380, 420), (380, 470), (380, 10), (380,
60), (380, 110), (380, 160), (380, 210), (380, 260), (380, 310), (380, 360),
(380, 410), (380, 460), (2160, 50), (2160, 100), (2160, 150), (2160, 200),
(2160, 250), (2160, 300), (2160, 350), (2160, 400), (2160, 450), (2160, 40),
(2160, 90), (2160, 140), (2160, 190), (2160, 240), (2160, 290), (2160, 340),
(2160, 390), (2160, 440), (2160, 0), (2160, 490), (2160, 30), (2160, 80),
(2160, 130), (2160, 180), (2160, 230), (2160, 280), (2160, 330), (2160, 380),
(2160, 430), (2160, 480), (2160, 20), (2160, 70), (2160, 120), (2160, 170),
(2160, 220), (2160, 270), (2160, 320), (2160, 370), (2160, 420), (2160, 470),
(2160, 10), (2160, 60), (2160, 110), (2160, 160), (2160, 210), (2160, 260),
(2160, 310), (2160, 360), (2160, 410), (2160, 460), (540, 50), (540, 100),
(540, 150), (540, 200), (540, 250), (540, 300), (540, 350), (540, 400), (540,
450), (540, 40), (540, 90), (540, 140), (540, 190), (540, 240), (540, 290),
(540, 340), (540, 390), (540, 440), (540, 0), (540, 490), (540, 30), (540, 80),
(540, 130), (540, 180), (540, 230), (540, 280), (540, 330), (540, 380), (540,
430), (540, 480), (540, 20), (540, 70), (540, 120), (540, 170), (540, 220),
(540, 270), (540, 320), (540, 370), (540, 420), (540, 470), (540, 10), (540,
60), (540, 110), (540, 160), (540, 210), (540, 260), (540, 310), (540, 360),
(540, 410), (540, 460), (2320, 50), (2320, 100), (2320, 150), (2320, 200),
(2320, 250), (2320, 300), (2320, 350), (2320, 400), (2320, 450), (2320, 40),
(2320, 90), (2320, 140), (2320, 190), (2320, 240), (2320, 290), (2320, 340),
(2320, 390), (2320, 440), (2320, 0), (2320, 490), (2320, 30), (2320, 80),
(2320, 130), (2320, 180), (2320, 230), (2320, 280), (2320, 330), (2320, 380),
(2320, 430), (2320, 480), (2320, 20), (2320, 70), (2320, 120), (2320, 170),
(2320, 220), (2320, 270), (2320, 320), (2320, 370), (2320, 420), (2320, 470),
(2320, 10), (2320, 60), (2320, 110), (2320, 160), (2320, 210), (2320, 260),
(2320, 310), (2320, 360), (2320, 410), (2320, 460), (700, 50), (700, 100),
(700, 150), (700, 200), (700, 250), (700, 300), (700, 350), (700, 400), (700,
450), (700, 40), (700, 90), (700, 140), (700, 190), (700, 240), (700, 290),
(700, 340), (700, 390), (700, 440), (700, 0), (700, 490), (700, 30), (700, 80),
(700, 130), (700, 180), (700, 230), (700, 280), (700, 330), (700, 380), (700,
430), (700, 480), (700, 20), (700, 70), (700, 120), (700, 170), (700, 220),
(700, 270), (700, 320), (700, 370), (700, 420), (700, 470), (700, 10), (700,
60), (700, 110), (700, 160), (700, 210), (700, 260), (700, 310), (700, 360),
(700, 410), (700, 460), (2480, 50), (2480, 100), (2480, 150), (2480, 200),
(2480, 250), (2480, 300), (2480, 350), (2480, 400), (2480, 450), (2480, 40),
(2480, 90), (2480, 140), (2480, 190), (2480, 240), (2480, 290), (2480, 340),
(2480, 390), (2480, 440), (2480, 0), (2480, 490), (2480, 30), (2480, 80),
(2480, 130), (2480, 180), (2480, 230), (2480, 280), (2480, 330), (2480, 380),
(2480, 430), (2480, 480), (2480, 20), (2480, 70), (2480, 120), (2480, 170),
(2480, 220), (2480, 270), (2480, 320), (2480, 370), (2480, 420), (2480, 470),
(2480, 10), (2480, 60), (2480, 110), (2480, 160), (2480, 210), (2480, 260),
(2480, 310), (2480, 360), (2480, 410), (2480, 460), (860, 50), (860, 100),
(860, 150), (860, 200), (860, 250), (860, 300), (860, 350), (860, 400), (860,
450), (860, 40), (860, 90), (860, 140), (860, 190), (860, 240), (860, 290),
(860, 340), (860, 390), (860, 440), (860, 0), (860, 490), (860, 30), (860, 80),
(860, 130), (860, 180), (860, 230), (860, 280), (860, 330), (860, 380), (860,
430), (860, 480), (860, 20), (860, 70), (860, 120), (860, 170), (860, 220),
(860, 270), (860, 320), (860, 370), (860, 420), (860, 470), (860, 10), (860,
60), (860, 110), (860, 160), (860, 210), (860, 260), (860, 310), (860, 360),
(860, 410), (860, 460), (2640, 50), (2640, 100), (2640, 150), (2640, 200),
(2640, 250), (2640, 300), (2640, 350), (2640, 400), (2640, 450), (2640, 40),
(2640, 90), (2640, 140), (2640, 190), (2640, 240), (2640, 290), (2640, 340),
(2640, 390), (2640, 440), (2640, 0), (2640, 490), (2640, 30), (2640, 80),
(2640, 130), (2640, 180), (2640, 230), (2640, 280), (2640, 330), (2640, 380),
(2640, 430), (2640, 480), (2640, 20), (2640, 70), (2640, 120), (2640, 170),
(2640, 220), (2640, 270), (2640, 320), (2640, 370), (2640, 420), (2640, 470),
(2640, 10), (2640, 60), (2640, 110), (2640, 160), (2640, 210), (2640, 260),
(2640, 310), (2640, 360), (2640, 410), (2640, 460), (1020, 50), (1020, 100),
(1020, 150), (1020, 200), (1020, 250), (1020, 300), (1020, 350), (1020, 400),
(1020, 450), (1020, 40), (1020, 90), (1020, 140), (1020, 190), (1020, 240),
(1020, 290), (1020, 340), (1020, 390), (1020, 440), (1020, 0), (1020, 490),
(1020, 30), (1020, 80), (1020, 130), (1020, 180), (1020, 230), (1020, 280),
(1020, 330), (1020, 380), (1020, 430), (1020, 480), (1020, 20), (1020, 70),
(1020, 120), (1020, 170), (1020, 220), (1020, 270), (1020, 320), (1020, 370),
(1020, 420), (1020, 470), (1020, 10), (1020, 60), (1020, 110), (1020, 160),
(1020, 210), (1020, 260), (1020, 310), (1020, 360), (1020, 410), (1020, 460),
(2800, 50), (2800, 100), (2800, 150), (2800, 200), (2800, 250), (2800, 300),
(2800, 350), (2800, 400), (2800, 450), (2800, 40), (2800, 90), (2800, 140),
(2800, 190), (2800, 240), (2800, 290), (2800, 340), (2800, 390), (2800, 440),
(2800, 0), (2800, 490), (2800, 30), (2800, 80), (2800, 130), (2800, 180),
(2800, 230), (2800, 280), (2800, 330), (2800, 380), (2800, 430), (2800, 480),
(2800, 20), (2800, 70), (2800, 120), (2800, 170), (2800, 220), (2800, 270),
(2800, 320), (2800, 370), (2800, 420), (2800, 470), (2800, 10), (2800, 60),
(2800, 110), (2800, 160), (2800, 210), (2800, 260), (2800, 310), (2800, 360),
(2800, 410), (2800, 460), (1180, 50), (1180, 100), (1180, 150), (1180, 200),
(1180, 250), (1180, 300), (1180, 350), (1180, 400), (1180, 450), (1180, 40),
(1180, 90), (1180, 140), (1180, 190), (1180, 240), (1180, 290), (1180, 340),
(1180, 390), (1180, 440), (1180, 0), (1180, 490), (1180, 30), (1180, 80),
(1180, 130), (1180, 180), (1180, 230), (1180, 280), (1180, 330), (1180, 380),
(1180, 430), (1180, 480), (1180, 20), (1180, 70), (1180, 120), (1180, 170),
(1180, 220), (1180, 270), (1180, 320), (1180, 370), (1180, 420), (1180, 470),
(1180, 10), (1180, 60), (1180, 110), (1180, 160), (1180, 210), (1180, 260),
(1180, 310), (1180, 360), (1180, 410), (1180, 460), (2960, 50), (2960, 100),
(2960, 150), (2960, 200), (2960, 250), (2960, 300), (2960, 350), (2960, 400),
(2960, 450), (2960, 40), (2960, 90), (2960, 140), (2960, 190), (2960, 240),
(2960, 290), (2960, 340), (2960, 390), (2960, 440), (2960, 0), (2960, 490),
(2960, 30), (2960, 80), (2960, 130), (2960, 180), (2960, 230), (2960, 280),
(2960, 330), (2960, 380), (2960, 430), (2960, 480), (2960, 20), (2960, 70),
(2960, 120), (2960, 170), (2960, 220), (2960, 270), (2960, 320), (2960, 370),
(2960, 420), (2960, 470), (2960, 10), (2960, 60), (2960, 110), (2960, 160),
(2960, 210), (2960, 260), (2960, 310), (2960, 360), (2960, 410), (2960, 460),
(1340, 50), (1340, 100), (1340, 150), (1340, 200), (1340, 250), (1340, 300),
(1340, 350), (1340, 400), (1340, 450), (1340, 40), (1340, 90), (1340, 140),
(1340, 190), (1340, 240), (1340, 290), (1340, 340), (1340, 390), (1340, 440),
(1340, 0), (1340, 490), (1340, 30), (1340, 80), (1340, 130), (1340, 180),
(1340, 230), (1340, 280), (1340, 330), (1340, 380), (1340, 430), (1340, 480),
(1340, 20), (1340, 70), (1340, 120), (1340, 170), (1340, 220), (1340, 270),
(1340, 320), (1340, 370), (1340, 420), (1340, 470), (1340, 10), (1340, 60),
(1340, 110), (1340, 160), (1340, 210), (1340, 260), (1340, 310), (1340, 360),
(1340, 410), (1340, 460), (1500, 50), (1500, 100), (1500, 150), (1500, 200),
(1500, 250), (1500, 300), (1500, 350), (1500, 400), (1500, 450), (1500, 40),
(1500, 90), (1500, 140), (1500, 190), (1500, 240), (1500, 290), (1500, 340),
(1500, 390), (1500, 440), (1500, 0), (1500, 490), (1500, 30), (1500, 80),
(1500, 130), (1500, 180), (1500, 230), (1500, 280), (1500, 330), (1500, 380),
(1500, 430), (1500, 480), (1500, 20), (1500, 70), (1500, 120), (1500, 170),
(1500, 220), (1500, 270), (1500, 320), (1500, 370), (1500, 420), (1500, 470),
(1500, 10), (1500, 60), (1500, 110), (1500, 160), (1500, 210), (1500, 260),
(1500, 310), (1500, 360), (1500, 410), (1500, 460), (1660, 50), (1660, 100),
(1660, 150), (1660, 200), (1660, 250), (1660, 300), (1660, 350), (1660, 400),
(1660, 450), (1660, 40), (1660, 90), (1660, 140), (1660, 190), (1660, 240),
(1660, 290), (1660, 340), (1660, 390), (1660, 440), (1660, 0), (1660, 490),
(1660, 30), (1660, 80), (1660, 130), (1660, 180), (1660, 230), (1660, 280),
(1660, 330), (1660, 380), (1660, 430), (1660, 480), (1660, 20), (1660, 70),
(1660, 120), (1660, 170), (1660, 220), (1660, 270), (1660, 320), (1660, 370),
(1660, 420), (1660, 470), (1660, 10), (1660, 60), (1660, 110), (1660, 160),
(1660, 210), (1660, 260), (1660, 310), (1660, 360), (1660, 410), (1660, 460),
(40, 50), (40, 100), (40, 150), (40, 200), (40, 250), (40, 300), (40, 350),
(40, 400), (40, 450), (40, 40), (40, 90), (40, 140), (40, 190), (40, 240), (40,
290), (40, 340), (40, 390), (40, 440), (40, 0), (40, 490), (40, 30), (40, 80),
(40, 130), (40, 180), (40, 230), (40, 280), (40, 330), (40, 380), (40, 430),
(40, 480), (40, 20), (40, 70), (40, 120), (40, 170), (40, 220), (40, 270), (40,
320), (40, 370), (40, 420), (40, 470), (40, 10), (40, 60), (40, 110), (40,
160), (40, 210), (40, 260), (40, 310), (40, 360), (40, 410), (40, 460), (1820,
50), (1820, 100), (1820, 150), (1820, 200), (1820, 250), (1820, 300), (1820,
350), (1820, 400), (1820, 450), (1820, 40), (1820, 90), (1820, 140), (1820,
190), (1820, 240), (1820, 290), (1820, 340), (1820, 390), (1820, 440), (1820,
0), (1820, 490), (1820, 30), (1820, 80), (1820, 130), (1820, 180), (1820, 230),
(1820, 280), (1820, 330), (1820, 380), (1820, 430), (1820, 480), (1820, 20),
(1820, 70), (1820, 120), (1820, 170), (1820, 220), (1820, 270), (1820, 320),
(1820, 370), (1820, 420), (1820, 470), (1820, 10), (1820, 60), (1820, 110),
(1820, 160), (1820, 210), (1820, 260), (1820, 310), (1820, 360), (1820, 410),
(1820, 460), (200, 50), (200, 100), (200, 150), (200, 200), (200, 250), (200,
300), (200, 350), (200, 400), (200, 450), (200, 40), (200, 90), (200, 140),
(200, 190), (200, 240), (200, 290), (200, 340), (200, 390), (200, 440), (200,
0), (200, 490), (200, 30), (200, 80), (200, 130), (200, 180), (200, 230), (200,
280), (200, 330), (200, 380), (200, 430), (200, 480), (200, 20), (200, 70),
(200, 120), (200, 170), (200, 220), (200, 270), (200, 320), (200, 370), (200,
420), (200, 470), (200, 10), (200, 60), (200, 110), (200, 160), (200, 210),
(200, 260), (200, 310), (200, 360), (200, 410), (200, 460), (1980, 50), (1980,
100), (1980, 150), (1980, 200), (1980, 250), (1980, 300), (1980, 350), (1980,
400), (1980, 450), (1980, 40), (1980, 90), (1980, 140), (1980, 190), (1980,
240), (1980, 290), (1980, 340), (1980, 390), (1980, 440), (1980, 0), (1980,
490), (1980, 30), (1980, 80), (1980, 130), (1980, 180), (1980, 230), (1980,
280), (1980, 330), (1980, 380), (1980, 430), (1980, 480), (1980, 20), (1980,
70), (1980, 120), (1980, 170), (1980, 220), (1980, 270), (1980, 320), (1980,
370), (1980, 420), (1980, 470), (1980, 10), (1980, 60), (1980, 110), (1980,
160), (1980, 210), (1980, 260), (1980, 310), (1980, 360), (1980, 410), (1980,
460), (360, 50), (360, 100), (360, 150), (360, 200), (360, 250), (360, 300),
(360, 350), (360, 400), (360, 450), (360, 40), (360, 90), (360, 140), (360,
190), (360, 240), (360, 290), (360, 340), (360, 390), (360, 440), (360, 0),
(360, 490), (360, 30), (360, 80), (360, 130), (360, 180), (360, 230), (360,
280), (360, 330), (360, 380), (360, 430), (360, 480), (360, 20), (360, 70),
(360, 120), (360, 170), (360, 220), (360, 270), (360, 320), (360, 370), (360,
420), (360, 470), (360, 10), (360, 60), (360, 110), (360, 160), (360, 210),
(360, 260), (360, 310), (360, 360), (360, 410), (360, 460), (2140, 50), (2140,
100), (2140, 150), (2140, 200), (2140, 250), (2140, 300), (2140, 350), (2140,
400), (2140, 450), (2140, 40), (2140, 90), (2140, 140), (2140, 190), (2140,
240), (2140, 290), (2140, 340), (2140, 390), (2140, 440), (2140, 0), (2140,
490), (2140, 30), (2140, 80), (2140, 130), (2140, 180), (2140, 230), (2140,
280), (2140, 330), (2140, 380), (2140, 430), (2140, 480), (2140, 20), (2140,
70), (2140, 120), (2140, 170), (2140, 220), (2140, 270), (2140, 320), (2140,
370), (2140, 420), (2140, 470), (2140, 10), (2140, 60), (2140, 110), (2140,
160), (2140, 210), (2140, 260), (2140, 310), (2140, 360), (2140, 410), (2140,
460), (520, 50), (520, 100), (520, 150), (520, 200), (520, 250), (520, 300),
(520, 350), (520, 400), (520, 450), (520, 40), (520, 90), (520, 140), (520,
190), (520, 240), (520, 290), (520, 340), (520, 390), (520, 440), (520, 0),
(520, 490), (520, 30), (520, 80), (520, 130), (520, 180), (520, 230), (520,
280), (520, 330), (520, 380), (520, 430), (520, 480), (520, 20), (520, 70),
(520, 120), (520, 170), (520, 220), (520, 270), (520, 320), (520, 370), (520,
420), (520, 470), (520, 10), (520, 60), (520, 110), (520, 160), (520, 210),
(520, 260), (520, 310), (520, 360), (520, 410), (520, 460), (2300, 50), (2300,
100), (2300, 150), (2300, 200), (2300, 250), (2300, 300), (2300, 350), (2300,
400), (2300, 450), (2300, 40), (2300, 90), (2300, 140), (2300, 190), (2300,
240), (2300, 290), (2300, 340), (2300, 390), (2300, 440), (2300, 0), (2300,
490), (2300, 30), (2300, 80), (2300, 130), (2300, 180), (2300, 230), (2300,
280), (2300, 330), (2300, 380), (2300, 430), (2300, 480), (2300, 20), (2300,
70), (2300, 120), (2300, 170), (2300, 220), (2300, 270), (2300, 320), (2300,
370), (2300, 420), (2300, 470), (2300, 10), (2300, 60), (2300, 110), (2300,
160), (2300, 210), (2300, 260), (2300, 310), (2300, 360), (2300, 410), (2300,
460), (680, 50), (680, 100), (680, 150), (680, 200), (680, 250), (680, 300),
(680, 350), (680, 400), (680, 450), (680, 40), (680, 90), (680, 140), (680,
190), (680, 240), (680, 290), (680, 340), (680, 390), (680, 440), (680, 0),
(680, 490), (680, 30), (680, 80), (680, 130), (680, 180), (680, 230), (680,
280), (680, 330), (680, 380), (680, 430), (680, 480), (680, 20), (680, 70),
(680, 120), (680, 170), (680, 220), (680, 270), (680, 320), (680, 370), (680,
420), (680, 470), (680, 10), (680, 60), (680, 110), (680, 160), (680, 210),
(680, 260), (680, 310), (680, 360), (680, 410), (680, 460), (2460, 50), (2460,
100), (2460, 150), (2460, 200), (2460, 250), (2460, 300), (2460, 350), (2460,
400), (2460, 450), (2460, 40), (2460, 90), (2460, 140), (2460, 190), (2460,
240), (2460, 290), (2460, 340), (2460, 390), (2460, 440), (2460, 0), (2460,
490), (2460, 30), (2460, 80), (2460, 130), (2460, 180), (2460, 230), (2460,
280), (2460, 330), (2460, 380), (2460, 430), (2460, 480), (2460, 20), (2460,
70), (2460, 120), (2460, 170), (2460, 220), (2460, 270), (2460, 320), (2460,
370), (2460, 420), (2460, 470), (2460, 10), (2460, 60), (2460, 110), (2460,
160), (2460, 210), (2460, 260), (2460, 310), (2460, 360), (2460, 410), (2460,
460), (840, 50), (840, 100), (840, 150), (840, 200), (840, 250), (840, 300),
(840, 350), (840, 400), (840, 450), (840, 40), (840, 90), (840, 140), (840,
190), (840, 240), (840, 290), (840, 340), (840, 390), (840, 440), (840, 0),
(840, 490), (840, 30), (840, 80), (840, 130), (840, 180), (840, 230), (840,
280), (840, 330), (840, 380), (840, 430), (840, 480), (840, 20), (840, 70),
(840, 120), (840, 170), (840, 220), (840, 270), (840, 320), (840, 370), (840,
420), (840, 470), (840, 10), (840, 60), (840, 110), (840, 160), (840, 210),
(840, 260), (840, 310), (840, 360), (840, 410), (840, 460), (2620, 50), (2620,
100), (2620, 150), (2620, 200), (2620, 250), (2620, 300), (2620, 350), (2620,
400), (2620, 450), (2620, 40), (2620, 90), (2620, 140), (2620, 190), (2620,
240), (2620, 290), (2620, 340), (2620, 390), (2620, 440), (2620, 0), (2620,
490), (2620, 30), (2620, 80), (2620, 130), (2620, 180), (2620, 230), (2620,
280), (2620, 330), (2620, 380), (2620, 430), (2620, 480), (2620, 20), (2620,
70), (2620, 120), (2620, 170), (2620, 220), (2620, 270), (2620, 320), (2620,
370), (2620, 420), (2620, 470), (2620, 10), (2620, 60), (2620, 110), (2620,
160), (2620, 210), (2620, 260), (2620, 310), (2620, 360), (2620, 410), (2620,
460), (1000, 50), (1000, 100), (1000, 150), (1000, 200), (1000, 250), (1000,
300), (1000, 350), (1000, 400), (1000, 450), (1000, 40), (1000, 90), (1000,
140), (1000, 190), (1000, 240), (1000, 290), (1000, 340), (1000, 390), (1000,
440), (1000, 0), (1000, 490), (1000, 30), (1000, 80), (1000, 130), (1000, 180),
(1000, 230), (1000, 280), (1000, 330), (1000, 380), (1000, 430), (1000, 480),
(1000, 20), (1000, 70), (1000, 120), (1000, 170), (1000, 220), (1000, 270),
(1000, 320), (1000, 370), (1000, 420), (1000, 470), (1000, 10), (1000, 60),
(1000, 110), (1000, 160), (1000, 210), (1000, 260), (1000, 310), (1000, 360),
(1000, 410), (1000, 460), (2780, 50), (2780, 100), (2780, 150), (2780, 200),
(2780, 250), (2780, 300), (2780, 350), (2780, 400), (2780, 450), (2780, 40),
(2780, 90), (2780, 140), (2780, 190), (2780, 240), (2780, 290), (2780, 340),
(2780, 390), (2780, 440), (2780, 0), (2780, 490), (2780, 30), (2780, 80),
(2780, 130), (2780, 180), (2780, 230), (2780, 280), (2780, 330), (2780, 380),
(2780, 430), (2780, 480), (2780, 20), (2780, 70), (2780, 120), (2780, 170),
(2780, 220), (2780, 270), (2780, 320), (2780, 370), (2780, 420), (2780, 470),
(2780, 10), (2780, 60), (2780, 110), (2780, 160), (2780, 210), (2780, 260),
(2780, 310), (2780, 360), (2780, 410), (2780, 460), (1160, 50), (1160, 100),
(1160, 150), (1160, 200), (1160, 250), (1160, 300), (1160, 350), (1160, 400),
(1160, 450), (1160, 40), (1160, 90), (1160, 140), (1160, 190), (1160, 240),
(1160, 290), (1160, 340), (1160, 390), (1160, 440), (1160, 0), (1160, 490),
(1160, 30), (1160, 80), (1160, 130), (1160, 180), (1160, 230), (1160, 280),
(1160, 330), (1160, 380), (1160, 430), (1160, 480), (1160, 20), (1160, 70),
(1160, 120), (1160, 170), (1160, 220), (1160, 270), (1160, 320), (1160, 370),
(1160, 420), (1160, 470), (1160, 10), (1160, 60), (1160, 110), (1160, 160),
(1160, 210), (1160, 260), (1160, 310), (1160, 360), (1160, 410), (1160, 460),
(2940, 50), (2940, 100), (2940, 150), (2940, 200), (2940, 250), (2940, 300),
(2940, 350), (2940, 400), (2940, 450), (2940, 40), (2940, 90), (2940, 140),
(2940, 190), (2940, 240), (2940, 290), (2940, 340), (2940, 390), (2940, 440),
(2940, 0), (2940, 490), (2940, 30), (2940, 80), (2940, 130), (2940, 180),
(2940, 230), (2940, 280), (2940, 330), (2940, 380), (2940, 430), (2940, 480),
(2940, 20), (2940, 70), (2940, 120), (2940, 170), (2940, 220), (2940, 270),
(2940, 320), (2940, 370), (2940, 420), (2940, 470), (2940, 10), (2940, 60),
(2940, 110), (2940, 160), (2940, 210), (2940, 260), (2940, 310), (2940, 360),
(2940, 410), (2940, 460), (1320, 50), (1320, 100), (1320, 150), (1320, 200),
(1320, 250), (1320, 300), (1320, 350), (1320, 400), (1320, 450), (1320, 40),
(1320, 90), (1320, 140), (1320, 190), (1320, 240), (1320, 290), (1320, 340),
(1320, 390), (1320, 440), (1320, 0), (1320, 490), (1320, 30), (1320, 80),
(1320, 130), (1320, 180), (1320, 230), (1320, 280), (1320, 330), (1320, 380),
(1320, 430), (1320, 480), (1320, 20), (1320, 70), (1320, 120), (1320, 170),
(1320, 220), (1320, 270), (1320, 320), (1320, 370), (1320, 420), (1320, 470),
(1320, 10), (1320, 60), (1320, 110), (1320, 160), (1320, 210), (1320, 260),
(1320, 310), (1320, 360), (1320, 410), (1320, 460), (1480, 50), (1480, 100),
(1480, 150), (1480, 200), (1480, 250), (1480, 300), (1480, 350), (1480, 400),
(1480, 450), (1480, 40), (1480, 90), (1480, 140), (1480, 190), (1480, 240),
(1480, 290), (1480, 340), (1480, 390), (1480, 440), (1480, 0), (1480, 490),
(1480, 30), (1480, 80), (1480, 130), (1480, 180), (1480, 230), (1480, 280),
(1480, 330), (1480, 380), (1480, 430), (1480, 480), (1480, 20), (1480, 70),
(1480, 120), (1480, 170), (1480, 220), (1480, 270), (1480, 320), (1480, 370),
(1480, 420), (1480, 470), (1480, 10), (1480, 60), (1480, 110), (1480, 160),
(1480, 210), (1480, 260), (1480, 310), (1480, 360), (1480, 410), (1480, 460),
(1640, 50), (1640, 100), (1640, 150), (1640, 200), (1640, 250), (1640, 300),
(1640, 350), (1640, 400), (1640, 450), (1640, 40), (1640, 90), (1640, 140),
(1640, 190), (1640, 240), (1640, 290), (1640, 340), (1640, 390), (1640, 440),
(1640, 0), (1640, 490), (1640, 30), (1640, 80), (1640, 130), (1640, 180),
(1640, 230), (1640, 280), (1640, 330), (1640, 380), (1640, 430), (1640, 480),
(1640, 20), (1640, 70), (1640, 120), (1640, 170), (1640, 220), (1640, 270),
(1640, 320), (1640, 370), (1640, 420), (1640, 470), (1640, 10), (1640, 60),
(1640, 110), (1640, 160), (1640, 210), (1640, 260), (1640, 310), (1640, 360),
(1640, 410), (1640, 460), (20, 50), (20, 100), (20, 150), (20, 200), (20, 250),
(20, 300), (20, 350), (20, 400), (20, 450), (20, 40), (20, 90), (20, 140), (20,
190), (20, 240), (20, 290), (20, 340), (20, 390), (20, 440), (20, 0), (20,
490), (20, 30), (20, 80), (20, 130), (20, 180), (20, 230), (20, 280), (20,
330), (20, 380), (20, 430), (20, 480), (20, 20), (20, 70), (20, 120), (20,
170), (20, 220), (20, 270), (20, 320), (20, 370), (20, 420), (20, 470), (20,
10), (20, 60), (20, 110), (20, 160), (20, 210), (20, 260), (20, 310), (20,
360), (20, 410), (20, 460), (1800, 50), (1800, 100), (1800, 150), (1800, 200),
(1800, 250), (1800, 300), (1800, 350), (1800, 400), (1800, 450), (1800, 40),
(1800, 90), (1800, 140), (1800, 190), (1800, 240), (1800, 290), (1800, 340),
(1800, 390), (1800, 440), (1800, 0), (1800, 490), (1800, 30), (1800, 80),
(1800, 130), (1800, 180), (1800, 230), (1800, 280), (1800, 330), (1800, 380),
(1800, 430), (1800, 480), (1800, 20), (1800, 70), (1800, 120), (1800, 170),
(1800, 220), (1800, 270), (1800, 320), (1800, 370), (1800, 420), (1800, 470),
(1800, 10), (1800, 60), (1800, 110), (1800, 160), (1800, 210), (1800, 260),
(1800, 310), (1800, 360), (1800, 410), (1800, 460), (180, 50), (180, 100),
(180, 150), (180, 200), (180, 250), (180, 300), (180, 350), (180, 400), (180,
450), (180, 40), (180, 90), (180, 140), (180, 190), (180, 240), (180, 290),
(180, 340), (180, 390), (180, 440), (180, 0), (180, 490), (180, 30), (180, 80),
(180, 130), (180, 180), (180, 230), (180, 280), (180, 330), (180, 380), (180,
430), (180, 480), (180, 20), (180, 70), (180, 120), (180, 170), (180, 220),
(180, 270), (180, 320), (180, 370), (180, 420), (180, 470), (180, 10), (180,
60), (180, 110), (180, 160), (180, 210), (180, 260), (180, 310), (180, 360),
(180, 410), (180, 460), (1960, 50), (1960, 100), (1960, 150), (1960, 200),
(1960, 250), (1960, 300), (1960, 350), (1960, 400), (1960, 450), (1960, 40),
(1960, 90), (1960, 140), (1960, 190), (1960, 240), (1960, 290), (1960, 340),
(1960, 390), (1960, 440), (1960, 0), (1960, 490), (1960, 30), (1960, 80),
(1960, 130), (1960, 180), (1960, 230), (1960, 280), (1960, 330), (1960, 380),
(1960, 430), (1960, 480), (1960, 20), (1960, 70), (1960, 120), (1960, 170),
(1960, 220), (1960, 270), (1960, 320), (1960, 370), (1960, 420), (1960, 470),
(1960, 10), (1960, 60), (1960, 110), (1960, 160), (1960, 210), (1960, 260),
(1960, 310), (1960, 360), (1960, 410), (1960, 460), (340, 50), (340, 100),
(340, 150), (340, 200), (340, 250), (340, 300), (340, 350), (340, 400), (340,
450), (340, 40), (340, 90), (340, 140), (340, 190), (340, 240), (340, 290),
(340, 340), (340, 390), (340, 440), (340, 0), (340, 490), (340, 30), (340, 80),
(340, 130), (340, 180), (340, 230), (340, 280), (340, 330), (340, 380), (340,
430), (340, 480), (340, 20), (340, 70), (340, 120), (340, 170), (340, 220),
(340, 270), (340, 320), (340, 370), (340, 420), (340, 470), (340, 10), (340,
60), (340, 110), (340, 160), (340, 210), (340, 260), (340, 310), (340, 360),
(340, 410), (340, 460), (2120, 50), (2120, 100), (2120, 150), (2120, 200),
(2120, 250), (2120, 300), (2120, 350), (2120, 400), (2120, 450), (2120, 40),
(2120, 90), (2120, 140), (2120, 190), (2120, 240), (2120, 290), (2120, 340),
(2120, 390), (2120, 440), (2120, 0), (2120, 490), (2120, 30), (2120, 80),
(2120, 130), (2120, 180), (2120, 230), (2120, 280), (2120, 330), (2120, 380),
(2120, 430), (2120, 480), (2120, 20), (2120, 70), (2120, 120), (2120, 170),
(2120, 220), (2120, 270), (2120, 320), (2120, 370), (2120, 420), (2120, 470),
(2120, 10), (2120, 60), (2120, 110), (2120, 160), (2120, 210), (2120, 260),
(2120, 310), (2120, 360), (2120, 410), (2120, 460), (500, 50), (500, 100),
(500, 150), (500, 200), (500, 250), (500, 300), (500, 350), (500, 400), (500,
450), (500, 40), (500, 90), (500, 140), (500, 190), (500, 240), (500, 290),
(500, 340), (500, 390), (500, 440), (500, 0), (500, 490), (500, 30), (500, 80),
(500, 130), (500, 180), (500, 230), (500, 280), (500, 330), (500, 380), (500,
430), (500, 480), (500, 20), (500, 70), (500, 120), (500, 170), (500, 220),
(500, 270), (500, 320), (500, 370), (500, 420), (500, 470), (500, 10), (500,
60), (500, 110), (500, 160), (500, 210), (500, 260), (500, 310), (500, 360),
(500, 410), (500, 460), (2280, 50), (2280, 100), (2280, 150), (2280, 200),
(2280, 250), (2280, 300), (2280, 350), (2280, 400), (2280, 450), (2280, 40),
(2280, 90), (2280, 140), (2280, 190), (2280, 240), (2280, 290), (2280, 340),
(2280, 390), (2280, 440), (2280, 0), (2280, 490), (2280, 30), (2280, 80),
(2280, 130), (2280, 180), (2280, 230), (2280, 280), (2280, 330), (2280, 380),
(2280, 430), (2280, 480), (2280, 20), (2280, 70), (2280, 120), (2280, 170),
(2280, 220), (2280, 270), (2280, 320), (2280, 370), (2280, 420), (2280, 470),
(2280, 10), (2280, 60), (2280, 110), (2280, 160), (2280, 210), (2280, 260),
(2280, 310), (2280, 360), (2280, 410), (2280, 460), (660, 50), (660, 100),
(660, 150), (660, 200), (660, 250), (660, 300), (660, 350), (660, 400), (660,
450), (660, 40), (660, 90), (660, 140), (660, 190), (660, 240), (660, 290),
(660, 340), (660, 390), (660, 440), (660, 0), (660, 490), (660, 30), (660, 80),
(660, 130), (660, 180), (660, 230), (660, 280), (660, 330), (660, 380), (660,
430), (660, 480), (660, 20), (660, 70), (660, 120), (660, 170), (660, 220),
(660, 270), (660, 320), (660, 370), (660, 420), (660, 470), (660, 10), (660,
60), (660, 110), (660, 160), (660, 210), (660, 260), (660, 310), (660, 360),
(660, 410), (660, 460), (2440, 50), (2440, 100), (2440, 150), (2440, 200),
(2440, 250), (2440, 300), (2440, 350), (2440, 400), (2440, 450), (2440, 40),
(2440, 90), (2440, 140), (2440, 190), (2440, 240), (2440, 290), (2440, 340),
(2440, 390), (2440, 440), (2440, 0), (2440, 490), (2440, 30), (2440, 80),
(2440, 130), (2440, 180), (2440, 230), (2440, 280), (2440, 330), (2440, 380),
(2440, 430), (2440, 480), (2440, 20), (2440, 70), (2440, 120), (2440, 170),
(2440, 220), (2440, 270), (2440, 320), (2440, 370), (2440, 420), (2440, 470),
(2440, 10), (2440, 60), (2440, 110), (2440, 160), (2440, 210), (2440, 260),
(2440, 310), (2440, 360), (2440, 410), (2440, 460), (820, 50), (820, 100),
(820, 150), (820, 200), (820, 250), (820, 300), (820, 350), (820, 400), (820,
450), (820, 40), (820, 90), (820, 140), (820, 190), (820, 240), (820, 290),
(820, 340), (820, 390), (820, 440), (820, 0), (820, 490), (820, 30), (820, 80),
(820, 130), (820, 180), (820, 230), (820, 280), (820, 330), (820, 380), (820,
430), (820, 480), (820, 20), (820, 70), (820, 120), (820, 170), (820, 220),
(820, 270), (820, 320), (820, 370), (820, 420), (820, 470), (820, 10), (820,
60), (820, 110), (820, 160), (820, 210), (820, 260), (820, 310), (820, 360),
(820, 410), (820, 460), (2600, 50), (2600, 100), (2600, 150), (2600, 200),
(2600, 250), (2600, 300), (2600, 350), (2600, 400), (2600, 450), (2600, 40),
(2600, 90), (2600, 140), (2600, 190), (2600, 240), (2600, 290), (2600, 340),
(2600, 390), (2600, 440), (2600, 0), (2600, 490), (2600, 30), (2600, 80),
(2600, 130), (2600, 180), (2600, 230), (2600, 280), (2600, 330), (2600, 380),
(2600, 430), (2600, 480), (2600, 20), (2600, 70), (2600, 120), (2600, 170),
(2600, 220), (2600, 270), (2600, 320), (2600, 370), (2600, 420), (2600, 470),
(2600, 10), (2600, 60), (2600, 110), (2600, 160), (2600, 210), (2600, 260),
(2600, 310), (2600, 360), (2600, 410), (2600, 460), (980, 50), (980, 100),
(980, 150), (980, 200), (980, 250), (980, 300), (980, 350), (980, 400), (980,
450), (980, 40), (980, 90), (980, 140), (980, 190), (980, 240), (980, 290),
(980, 340), (980, 390), (980, 440), (980, 0), (980, 490), (980, 30), (980, 80),
(980, 130), (980, 180), (980, 230), (980, 280), (980, 330), (980, 380), (980,
430), (980, 480), (980, 20), (980, 70), (980, 120), (980, 170), (980, 220),
(980, 270), (980, 320), (980, 370), (980, 420), (980, 470), (980, 10), (980,
60), (980, 110), (980, 160), (980, 210), (980, 260), (980, 310), (980, 360),
(980, 410), (980, 460), (2760, 50), (2760, 100), (2760, 150), (2760, 200),
(2760, 250), (2760, 300), (2760, 350), (2760, 400), (2760, 450), (2760, 40),
(2760, 90), (2760, 140), (2760, 190), (2760, 240), (2760, 290), (2760, 340),
(2760, 390), (2760, 440), (2760, 0), (2760, 490), (2760, 30), (2760, 80),
(2760, 130), (2760, 180), (2760, 230), (2760, 280), (2760, 330), (2760, 380),
(2760, 430), (2760, 480), (2760, 20), (2760, 70), (2760, 120), (2760, 170),
(2760, 220), (2760, 270), (2760, 320), (2760, 370), (2760, 420), (2760, 470),
(2760, 10), (2760, 60), (2760, 110), (2760, 160), (2760, 210), (2760, 260),
(2760, 310), (2760, 360), (2760, 410), (2760, 460), (1140, 50), (1140, 100),
(1140, 150), (1140, 200), (1140, 250), (1140, 300), (1140, 350), (1140, 400),
(1140, 450), (1140, 40), (1140, 90), (1140, 140), (1140, 190), (1140, 240),
(1140, 290), (1140, 340), (1140, 390), (1140, 440), (1140, 0), (1140, 490),
(1140, 30), (1140, 80), (1140, 130), (1140, 180), (1140, 230), (1140, 280),
(1140, 330), (1140, 380), (1140, 430), (1140, 480), (1140, 20), (1140, 70),
(1140, 120), (1140, 170), (1140, 220), (1140, 270), (1140, 320), (1140, 370),
(1140, 420), (1140, 470), (1140, 10), (1140, 60), (1140, 110), (1140, 160),
(1140, 210), (1140, 260), (1140, 310), (1140, 360), (1140, 410), (1140, 460),
(2920, 50), (2920, 100), (2920, 150), (2920, 200), (2920, 250), (2920, 300),
(2920, 350), (2920, 400), (2920, 450), (2920, 40), (2920, 90), (2920, 140),
(2920, 190), (2920, 240), (2920, 290), (2920, 340), (2920, 390), (2920, 440),
(2920, 0), (2920, 490), (2920, 30), (2920, 80), (2920, 130), (2920, 180),
(2920, 230), (2920, 280), (2920, 330), (2920, 380), (2920, 430), (2920, 480),
(2920, 20), (2920, 70), (2920, 120), (2920, 170), (2920, 220), (2920, 270),
(2920, 320), (2920, 370), (2920, 420), (2920, 470), (2920, 10), (2920, 60),
(2920, 110), (2920, 160), (2920, 210), (2920, 260), (2920, 310), (2920, 360),
(2920, 410), (2920, 460), (1300, 50), (1300, 100), (1300, 150), (1300, 200),
(1300, 250), (1300, 300), (1300, 350), (1300, 400), (1300, 450), (1300, 40),
(1300, 90), (1300, 140), (1300, 190), (1300, 240), (1300, 290), (1300, 340),
(1300, 390), (1300, 440), (1300, 0), (1300, 490), (1300, 30), (1300, 80),
(1300, 130), (1300, 180), (1300, 230), (1300, 280), (1300, 330), (1300, 380),
(1300, 430), (1300, 480), (1300, 20), (1300, 70), (1300, 120), (1300, 170),
(1300, 220), (1300, 270), (1300, 320), (1300, 370), (1300, 420), (1300, 470),
(1300, 10), (1300, 60), (1300, 110), (1300, 160), (1300, 210), (1300, 260),
(1300, 310), (1300, 360), (1300, 410), (1300, 460), (1460, 50), (1460, 100),
(1460, 150), (1460, 200), (1460, 250), (1460, 300), (1460, 350), (1460, 400),
(1460, 450), (1460, 40), (1460, 90), (1460, 140), (1460, 190), (1460, 240),
(1460, 290), (1460, 340), (1460, 390), (1460, 440), (1460, 0), (1460, 490),
(1460, 30), (1460, 80), (1460, 130), (1460, 180), (1460, 230), (1460, 280),
(1460, 330), (1460, 380), (1460, 430), (1460, 480), (1460, 20), (1460, 70),
(1460, 120), (1460, 170), (1460, 220), (1460, 270), (1460, 320), (1460, 370),
(1460, 420), (1460, 470), (1460, 10), (1460, 60), (1460, 110), (1460, 160),
(1460, 210), (1460, 260), (1460, 310), (1460, 360), (1460, 410), (1460, 460),
(1620, 50), (1620, 100), (1620, 150), (1620, 200), (1620, 250), (1620, 300),
(1620, 350), (1620, 400), (1620, 450), (1620, 40), (1620, 90), (1620, 140),
(1620, 190), (1620, 240), (1620, 290), (1620, 340), (1620, 390), (1620, 440),
(1620, 0), (1620, 490), (1620, 30), (1620, 80), (1620, 130), (1620, 180),
(1620, 230), (1620, 280), (1620, 330), (1620, 380), (1620, 430), (1620, 480),
(1620, 20), (1620, 70), (1620, 120), (1620, 170), (1620, 220), (1620, 270),
(1620, 320), (1620, 370), (1620, 420), (1620, 470), (1620, 10), (1620, 60),
(1620, 110), (1620, 160), (1620, 210), (1620, 260), (1620, 310), (1620, 360),
(1620, 410), (1620, 460), } ACB = { 1780, 1940, 2100, 2260, 640, 2420, 800,
2580, 960, 2740, 1120, 2900, 1280, 1440, 1600, 1760, 1920, 2080, 2240, 620,
2400, 780, 2560, 940, 2720, 1100, 2880, 1260, 1420, 1580, 1740, 1900, 2060,
2220, 600, 2380, 760, 2540, 920, 2700, 1080, 2860, 1240, 1400, 1560, 1720,
1880, 2040, 2200, 580, 2360, 740, 2520, 900, 2680, 1060, 2840, 1220, 1380,
1540, 1700, 1860, 2020, 2180, 560, 2340, 720, 2500, 880, 2660, 1040, 2820,
1200, 2980, 1360, 1520, 1680, 1840, 2000, 2160, 540, 2320, 700, 2480, 860,
2640, 1020, 2800, 1180, 2960, 1340, 1500, 1660, 1820, 1980, 2140, 520, 2300,
680, 2460, 840, 2620, 1000, 2780, 1160, 2940, 1320, 1480, 1640, 1800, 1960,
2120, 500, 2280, 660, 2440, 820, 2600, 980, 2760, 1140, 2920, 1300, 1460, 1620,
}

A∩B = { 420, 220, 20, 440, 240, 40, 460, 260, 60, 480, 280, 80, 300, 100, 320,
120, 340, 140, 0, 360, 160, 380, 180, 400, 200, }

A is subset of B 0 B is  subset of A 0
